total 2732
-rw-r--r-- 1 fufu fufu 1490 Aug  8 08:22 LICENSE
-rw-r--r-- 1 fufu fufu 3619 Aug  8 08:22 README.md
drwxr-xr-x 1 fufu fufu    0 Aug  8 08:22 mingw-w64-3proxy
drwxr-xr-x 1 fufu fufu    0 Aug  8 08:22 mingw-w64-4th
drwxr-xr-x 1 fufu fufu    0 Aug  8 08:22 mingw-w64-4ti2
drwxr-xr-x 1 fufu fufu    0 Aug  8 08:22 mingw-w64-64tass
drwxr-xr-x 1 fufu fufu    0 Aug  8 08:22 mingw-w64-7zip
drwxr-xr-x 1 fufu fufu    0 Aug  8 08:22 mingw-w64-86box
drwxr-xr-x 1 fufu fufu    0 Aug  8 08:22 mingw-w64-MinHook
drwxr-xr-x 1 fufu fufu    0 Aug  8 08:22 mingw-w64-OpenSceneGraph
drwxr-xr-x 1 fufu fufu    0 Aug  8 08:22 mingw-w64-PKGBUILD-common
drwxr-xr-x 1 fufu fufu    0 Aug  8 08:22 mingw-w64-PKGBUILD-templates
drwxr-xr-x 1 fufu fufu    0 Aug  8 08:22 mingw-w64-SDL
drwxr-xr-x 1 fufu fufu    0 Aug  8 08:22 mingw-w64-SDL2
drwxr-xr-x 1 fufu fufu    0 Aug  8 08:22 mingw-w64-SDL2_gfx
drwxr-xr-x 1 fufu fufu    0 Aug  8 08:22 mingw-w64-SDL2_image
drwxr-xr-x 1 fufu fufu    0 Aug  8 08:22 mingw-w64-SDL2_mixer
drwxr-xr-x 1 fufu fufu    0 Aug  8 08:22 mingw-w64-SDL2_net
drwxr-xr-x 1 fufu fufu    0 Aug  8 08:22 mingw-w64-SDL2_pango
drwxr-xr-x 1 fufu fufu    0 Aug  8 08:22 mingw-w64-SDL2_sound
drwxr-xr-x 1 fufu fufu    0 Aug  8 08:22 mingw-w64-SDL2_ttf
drwxr-xr-x 1 fufu fufu    0 Aug  8 08:22 mingw-w64-SDL_gfx
drwxr-xr-x 1 fufu fufu    0 Aug  8 08:22 mingw-w64-SDL_image
drwxr-xr-x 1 fufu fufu    0 Aug  8 08:22 mingw-w64-SDL_mixer
drwxr-xr-x 1 fufu fufu    0 Aug  8 08:22 mingw-w64-SDL_net
drwxr-xr-x 1 fufu fufu    0 Aug  8 08:22 mingw-w64-SDL_ttf
drwxr-xr-x 1 fufu fufu    0 Aug  8 08:22 mingw-w64-a52dec
drwxr-xr-x 1 fufu fufu    0 Aug  8 08:22 mingw-w64-aalib
drwxr-xr-x 1 fufu fufu    0 Aug  8 08:22 mingw-w64-aas-sign
drwxr-xr-x 1 fufu fufu    0 Aug  8 08:22 mingw-w64-abinit
drwxr-xr-x 1 fufu fufu    0 Aug  8 08:22 mingw-w64-abiword
drwxr-xr-x 1 fufu fufu    0 Aug  8 08:22 mingw-w64-abseil-cpp
drwxr-xr-x 1 fufu fufu    0 Aug  8 08:22 mingw-w64-accesskit-c
drwxr-xr-x 1 fufu fufu    0 Aug  8 08:22 mingw-w64-ada-libfswatch
drwxr-xr-x 1 fufu fufu    0 Aug  8 08:22 mingw-w64-ada-url
drwxr-xr-x 1 fufu fufu    0 Aug  8 08:22 mingw-w64-ada-xdiff
drwxr-xr-x 1 fufu fufu    0 Aug  8 08:22 mingw-w64-ada_language_server
drwxr-xr-x 1 fufu fufu    0 Aug  8 08:22 mingw-w64-ada_spawn
drwxr-xr-x 1 fufu fufu    0 Aug  8 08:22 mingw-w64-adasat
drwxr-xr-x 1 fufu fufu    0 Aug  8 08:22 mingw-w64-adios2
drwxr-xr-x 1 fufu fufu    0 Aug  8 08:22 mingw-w64-adobe-source-code-pro-fonts
drwxr-xr-x 1 fufu fufu    0 Aug  8 08:22 mingw-w64-adol-c
drwxr-xr-x 1 fufu fufu    0 Aug  8 08:22 mingw-w64-advancecomp
drwxr-xr-x 1 fufu fufu    0 Aug  8 08:22 mingw-w64-adwaita-icon-theme
drwxr-xr-x 1 fufu fufu    0 Aug  8 08:22 mingw-w64-adwaita-icon-theme-legacy
drwxr-xr-x 1 fufu fufu    0 Aug  8 08:22 mingw-w64-aegisub
drwxr-xr-x 1 fufu fufu    0 Aug  8 08:22 mingw-w64-ag
drwxr-xr-x 1 fufu fufu    0 Aug  8 08:22 mingw-w64-age
drwxr-xr-x 1 fufu fufu    0 Aug  8 08:22 mingw-w64-age-plugin-yubikey
drwxr-xr-x 1 fufu fufu    0 Aug  8 08:22 mingw-w64-aichat
drwxr-xr-x 1 fufu fufu    0 Aug  8 08:22 mingw-w64-akira
drwxr-xr-x 1 fufu fufu    0 Aug  8 08:22 mingw-w64-alacritty
drwxr-xr-x 1 fufu fufu    0 Aug  8 08:22 mingw-w64-alembic
drwxr-xr-x 1 fufu fufu    0 Aug  8 08:22 mingw-w64-allegro
drwxr-xr-x 1 fufu fufu    0 Aug  8 08:22 mingw-w64-alure
drwxr-xr-x 1 fufu fufu    0 Aug  8 08:22 mingw-w64-alure2
drwxr-xr-x 1 fufu fufu    0 Aug  8 08:22 mingw-w64-amf-headers
drwxr-xr-x 1 fufu fufu    0 Aug  8 08:22 mingw-w64-amgcl
drwxr-xr-x 1 fufu fufu    0 Aug  8 08:22 mingw-w64-amqp-cpp
drwxr-xr-x 1 fufu fufu    0 Aug  8 08:22 mingw-w64-anari-sdk
drwxr-xr-x 1 fufu fufu    0 Aug  8 08:22 mingw-w64-android-tools
drwxr-xr-x 1 fufu fufu    0 Aug  8 08:22 mingw-w64-angleproject
drwxr-xr-x 1 fufu fufu    0 Aug  8 08:22 mingw-w64-ansifilter
drwxr-xr-x 1 fufu fufu    0 Aug  8 08:22 mingw-w64-antiword
drwxr-xr-x 1 fufu fufu    0 Aug  8 08:22 mingw-w64-antlr3
drwxr-xr-x 1 fufu fufu    0 Aug  8 08:22 mingw-w64-antlr4-runtime-cpp
drwxr-xr-x 1 fufu fufu    0 Aug  8 08:22 mingw-w64-aom
drwxr-xr-x 1 fufu fufu    0 Aug  8 08:22 mingw-w64-appstream
drwxr-xr-x 1 fufu fufu    0 Aug  8 08:22 mingw-w64-appstream-glib
drwxr-xr-x 1 fufu fufu    0 Aug  8 08:22 mingw-w64-apr
drwxr-xr-x 1 fufu fufu    0 Aug  8 08:22 mingw-w64-apr-util
drwxr-xr-x 1 fufu fufu    0 Aug  8 08:22 mingw-w64-aravis
drwxr-xr-x 1 fufu fufu    0 Aug  8 08:22 mingw-w64-argon2
drwxr-xr-x 1 fufu fufu    0 Aug  8 08:22 mingw-w64-args
drwxr-xr-x 1 fufu fufu    0 Aug  8 08:22 mingw-w64-argtable
drwxr-xr-x 1 fufu fufu    0 Aug  8 08:22 mingw-w64-aria2
drwxr-xr-x 1 fufu fufu    0 Aug  8 08:22 mingw-w64-aribb24
drwxr-xr-x 1 fufu fufu    0 Aug  8 08:22 mingw-w64-ark
drwxr-xr-x 1 fufu fufu    0 Aug  8 08:22 mingw-w64-arm-none-eabi-binutils
drwxr-xr-x 1 fufu fufu    0 Aug  8 08:22 mingw-w64-arm-none-eabi-gcc
drwxr-xr-x 1 fufu fufu    0 Aug  8 08:22 mingw-w64-arm-none-eabi-newlib
drwxr-xr-x 1 fufu fufu    0 Aug  8 08:22 mingw-w64-armadillo
drwxr-xr-x 1 fufu fufu    0 Aug  8 08:22 mingw-w64-arpack
drwxr-xr-x 1 fufu fufu    0 Aug  8 08:22 mingw-w64-arrow
drwxr-xr-x 1 fufu fufu    0 Aug  8 08:22 mingw-w64-arrow-adbc
drwxr-xr-x 1 fufu fufu    0 Aug  8 08:22 mingw-w64-arrow-adbc-glib
drwxr-xr-x 1 fufu fufu    0 Aug  8 08:22 mingw-w64-arrpc
drwxr-xr-x 1 fufu fufu    0 Aug  8 08:22 mingw-w64-arturo
drwxr-xr-x 1 fufu fufu    0 Aug  8 08:22 mingw-w64-asciidoc
drwxr-xr-x 1 fufu fufu    0 Aug  8 08:22 mingw-w64-asciidoctor
drwxr-xr-x 1 fufu fufu    0 Aug  8 08:22 mingw-w64-asio
drwxr-xr-x 1 fufu fufu    0 Aug  8 08:22 mingw-w64-asiosdk
drwxr-xr-x 1 fufu fufu    0 Aug  8 08:22 mingw-w64-asm-lsp
drwxr-xr-x 1 fufu fufu    0 Aug  8 08:22 mingw-w64-asmjit
drwxr-xr-x 1 fufu fufu    0 Aug  8 08:22 mingw-w64-aspell
drwxr-xr-x 1 fufu fufu    0 Aug  8 08:22 mingw-w64-aspell-de
drwxr-xr-x 1 fufu fufu    0 Aug  8 08:22 mingw-w64-aspell-en
drwxr-xr-x 1 fufu fufu    0 Aug  8 08:22 mingw-w64-aspell-es
drwxr-xr-x 1 fufu fufu    0 Aug  8 08:22 mingw-w64-aspell-fr
drwxr-xr-x 1 fufu fufu    0 Aug  8 08:22 mingw-w64-aspell-ru
drwxr-xr-x 1 fufu fufu    0 Aug  8 08:22 mingw-w64-assimp
drwxr-xr-x 1 fufu fufu    0 Aug  8 08:22 mingw-w64-astyle
drwxr-xr-x 1 fufu fufu    0 Aug  8 08:22 mingw-w64-at-spi2-core
drwxr-xr-x 1 fufu fufu    0 Aug  8 08:22 mingw-w64-atkmm
drwxr-xr-x 1 fufu fufu    0 Aug  8 08:22 mingw-w64-atkmm-2.36
drwxr-xr-x 1 fufu fufu    0 Aug  8 08:22 mingw-w64-attica
drwxr-xr-x 1 fufu fufu    0 Aug  8 08:22 mingw-w64-atuin
drwxr-xr-x 1 fufu fufu    0 Aug  8 08:22 mingw-w64-aubio
drwxr-xr-x 1 fufu fufu    0 Aug  8 08:22 mingw-w64-audaspace
drwxr-xr-x 1 fufu fufu    0 Aug  8 08:22 mingw-w64-autohotkey
drwxr-xr-x 1 fufu fufu    0 Aug  8 08:22 mingw-w64-autotools
drwxr-xr-x 1 fufu fufu    0 Aug  8 08:22 mingw-w64-avogadroapp
drwxr-xr-x 1 fufu fufu    0 Aug  8 08:22 mingw-w64-avogadrolibs
drwxr-xr-x 1 fufu fufu    0 Aug  8 08:22 mingw-w64-avr-binutils
drwxr-xr-x 1 fufu fufu    0 Aug  8 08:22 mingw-w64-avr-gcc
drwxr-xr-x 1 fufu fufu    0 Aug  8 08:22 mingw-w64-avr-libc
drwxr-xr-x 1 fufu fufu    0 Aug  8 08:22 mingw-w64-avrdude
drwxr-xr-x 1 fufu fufu    0 Aug  8 08:22 mingw-w64-awf
drwxr-xr-x 1 fufu fufu    0 Aug  8 08:22 mingw-w64-aws-c-auth
drwxr-xr-x 1 fufu fufu    0 Aug  8 08:22 mingw-w64-aws-c-cal
drwxr-xr-x 1 fufu fufu    0 Aug  8 08:22 mingw-w64-aws-c-common
drwxr-xr-x 1 fufu fufu    0 Aug  8 08:22 mingw-w64-aws-c-compression
drwxr-xr-x 1 fufu fufu    0 Aug  8 08:22 mingw-w64-aws-c-event-stream
drwxr-xr-x 1 fufu fufu    0 Aug  8 08:22 mingw-w64-aws-c-http
drwxr-xr-x 1 fufu fufu    0 Aug  8 08:22 mingw-w64-aws-c-io
drwxr-xr-x 1 fufu fufu    0 Aug  8 08:22 mingw-w64-aws-c-mqtt
drwxr-xr-x 1 fufu fufu    0 Aug  8 08:22 mingw-w64-aws-c-s3
drwxr-xr-x 1 fufu fufu    0 Aug  8 08:22 mingw-w64-aws-c-sdkutils
drwxr-xr-x 1 fufu fufu    0 Aug  8 08:22 mingw-w64-aws-checksums
drwxr-xr-x 1 fufu fufu    0 Aug  8 08:22 mingw-w64-aws-crt-cpp
drwxr-xr-x 1 fufu fufu    0 Aug  8 08:22 mingw-w64-aws-sdk-cpp
drwxr-xr-x 1 fufu fufu    0 Aug  8 08:22 mingw-w64-aztecgen
drwxr-xr-x 1 fufu fufu    0 Aug  8 08:22 mingw-w64-babl
drwxr-xr-x 1 fufu fufu    0 Aug  8 08:22 mingw-w64-badvpn
drwxr-xr-x 1 fufu fufu    0 Aug  8 08:22 mingw-w64-baobab
drwxr-xr-x 1 fufu fufu    0 Aug  8 08:22 mingw-w64-basedpyright
drwxr-xr-x 1 fufu fufu    0 Aug  8 08:22 mingw-w64-bat
drwxr-xr-x 1 fufu fufu    0 Aug  8 08:22 mingw-w64-bc
drwxr-xr-x 1 fufu fufu    0 Aug  8 08:22 mingw-w64-bcftools
drwxr-xr-x 1 fufu fufu    0 Aug  8 08:22 mingw-w64-bcg729
drwxr-xr-x 1 fufu fufu    0 Aug  8 08:22 mingw-w64-bcunit
drwxr-xr-x 1 fufu fufu    0 Aug  8 08:22 mingw-w64-bear
drwxr-xr-x 1 fufu fufu    0 Aug  8 08:22 mingw-w64-benchmark
drwxr-xr-x 1 fufu fufu    0 Aug  8 08:22 mingw-w64-benzene
drwxr-xr-x 1 fufu fufu    0 Aug  8 08:22 mingw-w64-biber
drwxr-xr-x 1 fufu fufu    0 Aug  8 08:22 mingw-w64-bin2header
drwxr-xr-x 1 fufu fufu    0 Aug  8 08:22 mingw-w64-binaryen
drwxr-xr-x 1 fufu fufu    0 Aug  8 08:22 mingw-w64-binutils
drwxr-xr-x 1 fufu fufu    0 Aug  8 08:22 mingw-w64-bitwise
drwxr-xr-x 1 fufu fufu    0 Aug  8 08:22 mingw-w64-blake3
drwxr-xr-x 1 fufu fufu    0 Aug  8 08:22 mingw-w64-blender
drwxr-xr-x 1 fufu fufu    0 Aug  8 08:22 mingw-w64-blis
drwxr-xr-x 1 fufu fufu    0 Aug  8 08:22 mingw-w64-bliss
drwxr-xr-x 1 fufu fufu    0 Aug  8 08:22 mingw-w64-blosc
drwxr-xr-x 1 fufu fufu    0 Aug  8 08:22 mingw-w64-blosc2
drwxr-xr-x 1 fufu fufu    0 Aug  8 08:22 mingw-w64-blueprint-compiler
drwxr-xr-x 1 fufu fufu    0 Aug  8 08:22 mingw-w64-boost
drwxr-xr-x 1 fufu fufu    0 Aug  8 08:22 mingw-w64-bootloadhid
drwxr-xr-x 1 fufu fufu    0 Aug  8 08:22 mingw-w64-bottom
drwxr-xr-x 1 fufu fufu    0 Aug  8 08:22 mingw-w64-box2d
drwxr-xr-x 1 fufu fufu    0 Aug  8 08:22 mingw-w64-bpmdetect
drwxr-xr-x 1 fufu fufu    0 Aug  8 08:22 mingw-w64-breakpad
drwxr-xr-x 1 fufu fufu    0 Aug  8 08:22 mingw-w64-breeze
drwxr-xr-x 1 fufu fufu    0 Aug  8 08:22 mingw-w64-breeze-icons
drwxr-xr-x 1 fufu fufu    0 Aug  8 08:22 mingw-w64-brotli
drwxr-xr-x 1 fufu fufu    0 Aug  8 08:22 mingw-w64-brush
drwxr-xr-x 1 fufu fufu    0 Aug  8 08:22 mingw-w64-bscan-spi-bitstreams
drwxr-xr-x 1 fufu fufu    0 Aug  8 08:22 mingw-w64-bsdfprocessor
drwxr-xr-x 1 fufu fufu    0 Aug  8 08:22 mingw-w64-btyacc
drwxr-xr-x 1 fufu fufu    0 Aug  8 08:22 mingw-w64-buckygen
drwxr-xr-x 1 fufu fufu    0 Aug  8 08:22 mingw-w64-bullet
drwxr-xr-x 1 fufu fufu    0 Aug  8 08:22 mingw-w64-butler
drwxr-xr-x 1 fufu fufu    0 Aug  8 08:22 mingw-w64-bwidget
drwxr-xr-x 1 fufu fufu    0 Aug  8 08:22 mingw-w64-bzip2
drwxr-xr-x 1 fufu fufu    0 Aug  8 08:22 mingw-w64-bzip3
drwxr-xr-x 1 fufu fufu    0 Aug  8 08:22 mingw-w64-c-ares
drwxr-xr-x 1 fufu fufu    0 Aug  8 08:22 mingw-w64-c3c
drwxr-xr-x 1 fufu fufu    0 Aug  8 08:22 mingw-w64-c4core
drwxr-xr-x 1 fufu fufu    0 Aug  8 08:22 mingw-w64-ca-certificates
drwxr-xr-x 1 fufu fufu    0 Aug  8 08:22 mingw-w64-cabextract
drwxr-xr-x 1 fufu fufu    0 Aug  8 08:22 mingw-w64-cairo
drwxr-xr-x 1 fufu fufu    0 Aug  8 08:22 mingw-w64-cairomm
drwxr-xr-x 1 fufu fufu    0 Aug  8 08:22 mingw-w64-cairomm-1.16
drwxr-xr-x 1 fufu fufu    0 Aug  8 08:22 mingw-w64-calceph
drwxr-xr-x 1 fufu fufu    0 Aug  8 08:22 mingw-w64-calcmysky
drwxr-xr-x 1 fufu fufu    0 Aug  8 08:22 mingw-w64-calculix-ccx
drwxr-xr-x 1 fufu fufu    0 Aug  8 08:22 mingw-w64-cantarell-fonts
drwxr-xr-x 1 fufu fufu    0 Aug  8 08:22 mingw-w64-capnproto
drwxr-xr-x 1 fufu fufu    0 Aug  8 08:22 mingw-w64-capstone
drwxr-xr-x 1 fufu fufu    0 Aug  8 08:22 mingw-w64-cargo-about
drwxr-xr-x 1 fufu fufu    0 Aug  8 08:22 mingw-w64-cargo-c
drwxr-xr-x 1 fufu fufu    0 Aug  8 08:22 mingw-w64-cargo-component
drwxr-xr-x 1 fufu fufu    0 Aug  8 08:22 mingw-w64-cargo-create-tauri-app
drwxr-xr-x 1 fufu fufu    0 Aug  8 08:22 mingw-w64-cargo-edit
drwxr-xr-x 1 fufu fufu    0 Aug  8 08:22 mingw-w64-cargo-expand
drwxr-xr-x 1 fufu fufu    0 Aug  8 08:22 mingw-w64-cargo-generate
drwxr-xr-x 1 fufu fufu    0 Aug  8 08:22 mingw-w64-cargo-leptos
drwxr-xr-x 1 fufu fufu    0 Aug  8 08:22 mingw-w64-cargo-local-registry
drwxr-xr-x 1 fufu fufu    0 Aug  8 08:22 mingw-w64-cargo-msrv
drwxr-xr-x 1 fufu fufu    0 Aug  8 08:22 mingw-w64-cargo-tauri
drwxr-xr-x 1 fufu fufu    0 Aug  8 08:22 mingw-w64-cas-offinder
drwxr-xr-x 1 fufu fufu    0 Aug  8 08:22 mingw-w64-castxml
drwxr-xr-x 1 fufu fufu    0 Aug  8 08:22 mingw-w64-catch
drwxr-xr-x 1 fufu fufu    0 Aug  8 08:22 mingw-w64-cava
drwxr-xr-x 1 fufu fufu    0 Aug  8 08:22 mingw-w64-cbindgen
drwxr-xr-x 1 fufu fufu    0 Aug  8 08:22 mingw-w64-ccache
drwxr-xr-x 1 fufu fufu    0 Aug  8 08:22 mingw-w64-cccl
drwxr-xr-x 1 fufu fufu    0 Aug  8 08:22 mingw-w64-cddlib
drwxr-xr-x 1 fufu fufu    0 Aug  8 08:22 mingw-w64-cego
drwxr-xr-x 1 fufu fufu    0 Aug  8 08:22 mingw-w64-cereal
drwxr-xr-x 1 fufu fufu    0 Aug  8 08:22 mingw-w64-ceres-solver
drwxr-xr-x 1 fufu fufu    0 Aug  8 08:22 mingw-w64-cfitsio
drwxr-xr-x 1 fufu fufu    0 Aug  8 08:22 mingw-w64-cgal
drwxr-xr-x 1 fufu fufu    0 Aug  8 08:22 mingw-w64-cglm
drwxr-xr-x 1 fufu fufu    0 Aug  8 08:22 mingw-w64-cgns
drwxr-xr-x 1 fufu fufu    0 Aug  8 08:22 mingw-w64-chafa
drwxr-xr-x 1 fufu fufu    0 Aug  8 08:22 mingw-w64-charls
drwxr-xr-x 1 fufu fufu    0 Aug  8 08:22 mingw-w64-check
drwxr-xr-x 1 fufu fufu    0 Aug  8 08:22 mingw-w64-chicken
drwxr-xr-x 1 fufu fufu    0 Aug  8 08:22 mingw-w64-chipmunk
drwxr-xr-x 1 fufu fufu    0 Aug  8 08:22 mingw-w64-chmlib
drwxr-xr-x 1 fufu fufu    0 Aug  8 08:22 mingw-w64-chromaprint
drwxr-xr-x 1 fufu fufu    0 Aug  8 08:22 mingw-w64-chrono-date
drwxr-xr-x 1 fufu fufu    0 Aug  8 08:22 mingw-w64-civetweb
drwxr-xr-x 1 fufu fufu    0 Aug  8 08:22 mingw-w64-cjose
drwxr-xr-x 1 fufu fufu    0 Aug  8 08:22 mingw-w64-cjson
drwxr-xr-x 1 fufu fufu    0 Aug  8 08:22 mingw-w64-clazy
drwxr-xr-x 1 fufu fufu    0 Aug  8 08:22 mingw-w64-clblast
drwxr-xr-x 1 fufu fufu    0 Aug  8 08:22 mingw-w64-cli11
drwxr-xr-x 1 fufu fufu    0 Aug  8 08:22 mingw-w64-clip
drwxr-xr-x 1 fufu fufu    0 Aug  8 08:22 mingw-w64-clipper2
drwxr-xr-x 1 fufu fufu    0 Aug  8 08:22 mingw-w64-cliquer
drwxr-xr-x 1 fufu fufu    0 Aug  8 08:22 mingw-w64-clucene
drwxr-xr-x 1 fufu fufu    0 Aug  8 08:22 mingw-w64-clustal-omega
drwxr-xr-x 1 fufu fufu    0 Aug  8 08:22 mingw-w64-cmake
drwxr-xr-x 1 fufu fufu    0 Aug  8 08:22 mingw-w64-cmake-bootstrap
drwxr-xr-x 1 fufu fufu    0 Aug  8 08:22 mingw-w64-cmakelang
drwxr-xr-x 1 fufu fufu    0 Aug  8 08:22 mingw-w64-cmakerc
drwxr-xr-x 1 fufu fufu    0 Aug  8 08:22 mingw-w64-cmark
drwxr-xr-x 1 fufu fufu    0 Aug  8 08:22 mingw-w64-cmdpack
drwxr-xr-x 1 fufu fufu    0 Aug  8 08:22 mingw-w64-cmocka
drwxr-xr-x 1 fufu fufu    0 Aug  8 08:22 mingw-w64-cmr
drwxr-xr-x 1 fufu fufu    0 Aug  8 08:22 mingw-w64-cninja
drwxr-xr-x 1 fufu fufu    0 Aug  8 08:22 mingw-w64-codeblocks
drwxr-xr-x 1 fufu fufu    0 Aug  8 08:22 mingw-w64-codeblocks-fortranproject
drwxr-xr-x 1 fufu fufu    0 Aug  8 08:22 mingw-w64-codebook-lsp
drwxr-xr-x 1 fufu fufu    0 Aug  8 08:22 mingw-w64-codec2
drwxr-xr-x 1 fufu fufu    0 Aug  8 08:22 mingw-w64-codelite
drwxr-xr-x 1 fufu fufu    0 Aug  8 08:22 mingw-w64-cogl
drwxr-xr-x 1 fufu fufu    0 Aug  8 08:22 mingw-w64-coin
drwxr-xr-x 1 fufu fufu    0 Aug  8 08:22 mingw-w64-coin-or-asl
drwxr-xr-x 1 fufu fufu    0 Aug  8 08:22 mingw-w64-coin-or-buildtools
drwxr-xr-x 1 fufu fufu    0 Aug  8 08:22 mingw-w64-coin-or-cbc
drwxr-xr-x 1 fufu fufu    0 Aug  8 08:22 mingw-w64-coin-or-cgl
drwxr-xr-x 1 fufu fufu    0 Aug  8 08:22 mingw-w64-coin-or-clp
drwxr-xr-x 1 fufu fufu    0 Aug  8 08:22 mingw-w64-coin-or-coinutils
drwxr-xr-x 1 fufu fufu    0 Aug  8 08:22 mingw-w64-coin-or-data-sample
drwxr-xr-x 1 fufu fufu    0 Aug  8 08:22 mingw-w64-coin-or-mp
drwxr-xr-x 1 fufu fufu    0 Aug  8 08:22 mingw-w64-coin-or-osi
drwxr-xr-x 1 fufu fufu    0 Aug  8 08:22 mingw-w64-collada-dom
drwxr-xr-x 1 fufu fufu    0 Aug  8 08:22 mingw-w64-concurrentqueue
drwxr-xr-x 1 fufu fufu    0 Aug  8 08:22 mingw-w64-confuse
drwxr-xr-x 1 fufu fufu    0 Aug  8 08:22 mingw-w64-connect
drwxr-xr-x 1 fufu fufu    0 Aug  8 08:22 mingw-w64-coordgen
drwxr-xr-x 1 fufu fufu    0 Aug  8 08:22 mingw-w64-corrade
drwxr-xr-x 1 fufu fufu    0 Aug  8 08:22 mingw-w64-corrosion
drwxr-xr-x 1 fufu fufu    0 Aug  8 08:22 mingw-w64-cotp
drwxr-xr-x 1 fufu fufu    0 Aug  8 08:22 mingw-w64-cowsay
drwxr-xr-x 1 fufu fufu    0 Aug  8 08:22 mingw-w64-cp2k
drwxr-xr-x 1 fufu fufu    0 Aug  8 08:22 mingw-w64-cppcheck
drwxr-xr-x 1 fufu fufu    0 Aug  8 08:22 mingw-w64-cppcoro
drwxr-xr-x 1 fufu fufu    0 Aug  8 08:22 mingw-w64-cppdap
drwxr-xr-x 1 fufu fufu    0 Aug  8 08:22 mingw-w64-cppreference-qt
drwxr-xr-x 1 fufu fufu    0 Aug  8 08:22 mingw-w64-cpptest
drwxr-xr-x 1 fufu fufu    0 Aug  8 08:22 mingw-w64-cppunit
drwxr-xr-x 1 fufu fufu    0 Aug  8 08:22 mingw-w64-cpputest
drwxr-xr-x 1 fufu fufu    0 Aug  8 08:22 mingw-w64-cppwinrt
drwxr-xr-x 1 fufu fufu    0 Aug  8 08:22 mingw-w64-cppzmq
drwxr-xr-x 1 fufu fufu    0 Aug  8 08:22 mingw-w64-cpr
drwxr-xr-x 1 fufu fufu    0 Aug  8 08:22 mingw-w64-creduce
drwxr-xr-x 1 fufu fufu    0 Aug  8 08:22 mingw-w64-croc
drwxr-xr-x 1 fufu fufu    0 Aug  8 08:22 mingw-w64-crt
drwxr-xr-x 1 fufu fufu    0 Aug  8 08:22 mingw-w64-crypto++
drwxr-xr-x 1 fufu fufu    0 Aug  8 08:22 mingw-w64-crystal
drwxr-xr-x 1 fufu fufu    0 Aug  8 08:22 mingw-w64-csfml
drwxr-xr-x 1 fufu fufu    0 Aug  8 08:22 mingw-w64-ctags
drwxr-xr-x 1 fufu fufu    0 Aug  8 08:22 mingw-w64-ctpl
drwxr-xr-x 1 fufu fufu    0 Aug  8 08:22 mingw-w64-cuba
drwxr-xr-x 1 fufu fufu    0 Aug  8 08:22 mingw-w64-cubature
drwxr-xr-x 1 fufu fufu    0 Aug  8 08:22 mingw-w64-cubelib
drwxr-xr-x 1 fufu fufu    0 Aug  8 08:22 mingw-w64-cubew
drwxr-xr-x 1 fufu fufu    0 Aug  8 08:22 mingw-w64-cunit
drwxr-xr-x 1 fufu fufu    0 Aug  8 08:22 mingw-w64-curl
drwxr-xr-x 1 fufu fufu    0 Aug  8 08:22 mingw-w64-cusp
drwxr-xr-x 1 fufu fufu    0 Aug  8 08:22 mingw-w64-cvise
drwxr-xr-x 1 fufu fufu    0 Aug  8 08:22 mingw-w64-cxxopts
drwxr-xr-x 1 fufu fufu    0 Aug  8 08:22 mingw-w64-cyrus-sasl
drwxr-xr-x 1 fufu fufu    0 Aug  8 08:22 mingw-w64-cython
drwxr-xr-x 1 fufu fufu    0 Aug  8 08:22 mingw-w64-czkawka
drwxr-xr-x 1 fufu fufu    0 Aug  8 08:22 mingw-w64-d-feet
drwxr-xr-x 1 fufu fufu    0 Aug  8 08:22 mingw-w64-daala
drwxr-xr-x 1 fufu fufu    0 Aug  8 08:22 mingw-w64-darktable
drwxr-xr-x 1 fufu fufu    0 Aug  8 08:22 mingw-w64-dav1d
drwxr-xr-x 1 fufu fufu    0 Aug  8 08:22 mingw-w64-dav2d
drwxr-xr-x 1 fufu fufu    0 Aug  8 08:22 mingw-w64-db
drwxr-xr-x 1 fufu fufu    0 Aug  8 08:22 mingw-w64-dbc_parser_cpp
drwxr-xr-x 1 fufu fufu    0 Aug  8 08:22 mingw-w64-dbcsr
drwxr-xr-x 1 fufu fufu    0 Aug  8 08:22 mingw-w64-dbus
drwxr-xr-x 1 fufu fufu    0 Aug  8 08:22 mingw-w64-dbus-c++
drwxr-xr-x 1 fufu fufu    0 Aug  8 08:22 mingw-w64-dbus-glib
drwxr-xr-x 1 fufu fufu    0 Aug  8 08:22 mingw-w64-dcadec
drwxr-xr-x 1 fufu fufu    0 Aug  8 08:22 mingw-w64-dcmtk
drwxr-xr-x 1 fufu fufu    0 Aug  8 08:22 mingw-w64-dcraw
drwxr-xr-x 1 fufu fufu    0 Aug  8 08:22 mingw-w64-delta
drwxr-xr-x 1 fufu fufu    0 Aug  8 08:22 mingw-w64-desktop-file-utils
drwxr-xr-x 1 fufu fufu    0 Aug  8 08:22 mingw-w64-devcon
drwxr-xr-x 1 fufu fufu    0 Aug  8 08:22 mingw-w64-devil
drwxr-xr-x 1 fufu fufu    0 Aug  8 08:22 mingw-w64-dftbplus
drwxr-xr-x 1 fufu fufu    0 Aug  8 08:22 mingw-w64-dftd4
drwxr-xr-x 1 fufu fufu    0 Aug  8 08:22 mingw-w64-dfu-programmer
drwxr-xr-x 1 fufu fufu    0 Aug  8 08:22 mingw-w64-dfu-util
drwxr-xr-x 1 fufu fufu    0 Aug  8 08:22 mingw-w64-dht
drwxr-xr-x 1 fufu fufu    0 Aug  8 08:22 mingw-w64-dia
drwxr-xr-x 1 fufu fufu    0 Aug  8 08:22 mingw-w64-difftastic
drwxr-xr-x 1 fufu fufu    0 Aug  8 08:22 mingw-w64-diffutils
drwxr-xr-x 1 fufu fufu    0 Aug  8 08:22 mingw-w64-dino
drwxr-xr-x 1 fufu fufu    0 Aug  8 08:22 mingw-w64-directx-headers
drwxr-xr-x 1 fufu fufu    0 Aug  8 08:22 mingw-w64-directxmath
drwxr-xr-x 1 fufu fufu    0 Aug  8 08:22 mingw-w64-directxmesh
drwxr-xr-x 1 fufu fufu    0 Aug  8 08:22 mingw-w64-directxtex
drwxr-xr-x 1 fufu fufu    0 Aug  8 08:22 mingw-w64-directxtk
drwxr-xr-x 1 fufu fufu    0 Aug  8 08:22 mingw-w64-discount
drwxr-xr-x 1 fufu fufu    0 Aug  8 08:22 mingw-w64-distorm
drwxr-xr-x 1 fufu fufu    0 Aug  8 08:22 mingw-w64-djview
drwxr-xr-x 1 fufu fufu    0 Aug  8 08:22 mingw-w64-djvulibre
drwxr-xr-x 1 fufu fufu    0 Aug  8 08:22 mingw-w64-dlfcn
drwxr-xr-x 1 fufu fufu    0 Aug  8 08:22 mingw-w64-dlib
drwxr-xr-x 1 fufu fufu    0 Aug  8 08:22 mingw-w64-dmake
drwxr-xr-x 1 fufu fufu    0 Aug  8 08:22 mingw-w64-dnscrypt-proxy
drwxr-xr-x 1 fufu fufu    0 Aug  8 08:22 mingw-w64-dnslookup
drwxr-xr-x 1 fufu fufu    0 Aug  8 08:22 mingw-w64-dnssec-anchors
drwxr-xr-x 1 fufu fufu    0 Aug  8 08:22 mingw-w64-docbook-dsssl
drwxr-xr-x 1 fufu fufu    0 Aug  8 08:22 mingw-w64-docbook-mathml
drwxr-xr-x 1 fufu fufu    0 Aug  8 08:22 mingw-w64-docbook-sgml
drwxr-xr-x 1 fufu fufu    0 Aug  8 08:22 mingw-w64-docbook-sgml31
drwxr-xr-x 1 fufu fufu    0 Aug  8 08:22 mingw-w64-docbook-xml
drwxr-xr-x 1 fufu fufu    0 Aug  8 08:22 mingw-w64-docbook-xsl
drwxr-xr-x 1 fufu fufu    0 Aug  8 08:22 mingw-w64-docbook5-xml
drwxr-xr-x 1 fufu fufu    0 Aug  8 08:22 mingw-w64-docker-compose
drwxr-xr-x 1 fufu fufu    0 Aug  8 08:22 mingw-w64-doctest
drwxr-xr-x 1 fufu fufu    0 Aug  8 08:22 mingw-w64-docx2txt-rs
drwxr-xr-x 1 fufu fufu    0 Aug  8 08:22 mingw-w64-dosbox-staging
drwxr-xr-x 1 fufu fufu    0 Aug  8 08:22 mingw-w64-dotslash
drwxr-xr-x 1 fufu fufu    0 Aug  8 08:22 mingw-w64-double-conversion
drwxr-xr-x 1 fufu fufu    0 Aug  8 08:22 mingw-w64-doxygen
drwxr-xr-x 1 fufu fufu    0 Aug  8 08:22 mingw-w64-draco
drwxr-xr-x 1 fufu fufu    0 Aug  8 08:22 mingw-w64-dragon
drwxr-xr-x 1 fufu fufu    0 Aug  8 08:22 mingw-w64-dragonbox
drwxr-xr-x 1 fufu fufu    0 Aug  8 08:22 mingw-w64-drmingw
drwxr-xr-x 1 fufu fufu    0 Aug  8 08:22 mingw-w64-dsdp
drwxr-xr-x 1 fufu fufu    0 Aug  8 08:22 mingw-w64-dtc
drwxr-xr-x 1 fufu fufu    0 Aug  8 08:22 mingw-w64-dua-cli
drwxr-xr-x 1 fufu fufu    0 Aug  8 08:22 mingw-w64-ducible
drwxr-xr-x 1 fufu fufu    0 Aug  8 08:22 mingw-w64-duckdb
drwxr-xr-x 1 fufu fufu    0 Aug  8 08:22 mingw-w64-duktape
drwxr-xr-x 1 fufu fufu    0 Aug  8 08:22 mingw-w64-dumb
drwxr-xr-x 1 fufu fufu    0 Aug  8 08:22 mingw-w64-dust
drwxr-xr-x 1 fufu fufu    0 Aug  8 08:22 mingw-w64-dwarfstack
drwxr-xr-x 1 fufu fufu    0 Aug  8 08:22 mingw-w64-dxvk
drwxr-xr-x 1 fufu fufu    0 Aug  8 08:22 mingw-w64-ebook-tools
drwxr-xr-x 1 fufu fufu    0 Aug  8 08:22 mingw-w64-eccodes
drwxr-xr-x 1 fufu fufu    0 Aug  8 08:22 mingw-w64-ecpprog
drwxr-xr-x 1 fufu fufu    0 Aug  8 08:22 mingw-w64-edit
drwxr-xr-x 1 fufu fufu    0 Aug  8 08:22 mingw-w64-editorconfig-core-c
drwxr-xr-x 1 fufu fufu    0 Aug  8 08:22 mingw-w64-editrights
drwxr-xr-x 1 fufu fufu    0 Aug  8 08:22 mingw-w64-edyn
drwxr-xr-x 1 fufu fufu    0 Aug  8 08:22 mingw-w64-efl
drwxr-xr-x 1 fufu fufu    0 Aug  8 08:22 mingw-w64-efxc2
drwxr-xr-x 1 fufu fufu    0 Aug  8 08:22 mingw-w64-egl-headers
drwxr-xr-x 1 fufu fufu    0 Aug  8 08:22 mingw-w64-eigen3
drwxr-xr-x 1 fufu fufu    0 Aug  8 08:22 mingw-w64-elementary-icon-theme
drwxr-xr-x 1 fufu fufu    0 Aug  8 08:22 mingw-w64-elisa
drwxr-xr-x 1 fufu fufu    0 Aug  8 08:22 mingw-w64-elmerfem
drwxr-xr-x 1 fufu fufu    0 Aug  8 08:22 mingw-w64-emacs
drwxr-xr-x 1 fufu fufu    0 Aug  8 08:22 mingw-w64-emacs-pdf-tools-server
drwxr-xr-x 1 fufu fufu    0 Aug  8 08:22 mingw-w64-embree
drwxr-xr-x 1 fufu fufu    0 Aug  8 08:22 mingw-w64-emscripten
drwxr-xr-x 1 fufu fufu    0 Aug  8 08:22 mingw-w64-enca
drwxr-xr-x 1 fufu fufu    0 Aug  8 08:22 mingw-w64-enchant
drwxr-xr-x 1 fufu fufu    0 Aug  8 08:22 mingw-w64-enet
drwxr-xr-x 1 fufu fufu    0 Aug  8 08:22 mingw-w64-engauge-digitizer
drwxr-xr-x 1 fufu fufu    0 Aug  8 08:22 mingw-w64-ensmallen
drwxr-xr-x 1 fufu fufu    0 Aug  8 08:22 mingw-w64-enter-tex
drwxr-xr-x 1 fufu fufu    0 Aug  8 08:22 mingw-w64-entt
drwxr-xr-x 1 fufu fufu    0 Aug  8 08:22 mingw-w64-eog
drwxr-xr-x 1 fufu fufu    0 Aug  8 08:22 mingw-w64-eog-plugins
drwxr-xr-x 1 fufu fufu    0 Aug  8 08:22 mingw-w64-epstool
drwxr-xr-x 1 fufu fufu    0 Aug  8 08:22 mingw-w64-esbuild
drwxr-xr-x 1 fufu fufu    0 Aug  8 08:22 mingw-w64-eslint
drwxr-xr-x 1 fufu fufu    0 Aug  8 08:22 mingw-w64-espeak-ng
drwxr-xr-x 1 fufu fufu    0 Aug  8 08:22 mingw-w64-evcxr
drwxr-xr-x 1 fufu fufu    0 Aug  8 08:22 mingw-w64-evince
drwxr-xr-x 1 fufu fufu    0 Aug  8 08:22 mingw-w64-exiv2
drwxr-xr-x 1 fufu fufu    0 Aug  8 08:22 mingw-w64-expat
drwxr-xr-x 1 fufu fufu    0 Aug  8 08:22 mingw-w64-expresscpp
drwxr-xr-x 1 fufu fufu    0 Aug  8 08:22 mingw-w64-exprtk
drwxr-xr-x 1 fufu fufu    0 Aug  8 08:22 mingw-w64-extra-cmake-modules
drwxr-xr-x 1 fufu fufu    0 Aug  8 08:22 mingw-w64-extremetuxracer
drwxr-xr-x 1 fufu fufu    0 Aug  8 08:22 mingw-w64-eza
drwxr-xr-x 1 fufu fufu    0 Aug  8 08:22 mingw-w64-f2c
drwxr-xr-x 1 fufu fufu    0 Aug  8 08:22 mingw-w64-f2cblaslapack
drwxr-xr-x 1 fufu fufu    0 Aug  8 08:22 mingw-w64-faac
drwxr-xr-x 1 fufu fufu    0 Aug  8 08:22 mingw-w64-faad2
drwxr-xr-x 1 fufu fufu    0 Aug  8 08:22 mingw-w64-fann
drwxr-xr-x 1 fufu fufu    0 Aug  8 08:22 mingw-w64-farstream
drwxr-xr-x 1 fufu fufu    0 Aug  8 08:22 mingw-w64-fast_float
drwxr-xr-x 1 fufu fufu    0 Aug  8 08:22 mingw-w64-fastfetch
drwxr-xr-x 1 fufu fufu    0 Aug  8 08:22 mingw-w64-fastgltf
drwxr-xr-x 1 fufu fufu    0 Aug  8 08:22 mingw-w64-fastjar
drwxr-xr-x 1 fufu fufu    0 Aug  8 08:22 mingw-w64-faudio
drwxr-xr-x 1 fufu fufu    0 Aug  8 08:22 mingw-w64-fcrackzip
drwxr-xr-x 1 fufu fufu    0 Aug  8 08:22 mingw-w64-fd
drwxr-xr-x 1 fufu fufu    0 Aug  8 08:22 mingw-w64-fdk-aac
drwxr-xr-x 1 fufu fufu    0 Aug  8 08:22 mingw-w64-ffcall
drwxr-xr-x 1 fufu fufu    0 Aug  8 08:22 mingw-w64-ffmpeg
drwxr-xr-x 1 fufu fufu    0 Aug  8 08:22 mingw-w64-ffmpeg-python
drwxr-xr-x 1 fufu fufu    0 Aug  8 08:22 mingw-w64-ffms2
drwxr-xr-x 1 fufu fufu    0 Aug  8 08:22 mingw-w64-ffnvcodec-headers
drwxr-xr-x 1 fufu fufu    0 Aug  8 08:22 mingw-w64-ffts
drwxr-xr-x 1 fufu fufu    0 Aug  8 08:22 mingw-w64-fftw
drwxr-xr-x 1 fufu fufu    0 Aug  8 08:22 mingw-w64-fgsl
drwxr-xr-x 1 fufu fufu    0 Aug  8 08:22 mingw-w64-file
drwxr-xr-x 1 fufu fufu    0 Aug  8 08:22 mingw-w64-filezilla
drwxr-xr-x 1 fufu fufu    0 Aug  8 08:22 mingw-w64-firebird
drwxr-xr-x 1 fufu fufu    0 Aug  8 08:22 mingw-w64-flac
drwxr-xr-x 1 fufu fufu    0 Aug  8 08:22 mingw-w64-flameshot
drwxr-xr-x 1 fufu fufu    0 Aug  8 08:22 mingw-w64-flang
drwxr-xr-x 1 fufu fufu    0 Aug  8 08:22 mingw-w64-flann
drwxr-xr-x 1 fufu fufu    0 Aug  8 08:22 mingw-w64-flashrom
drwxr-xr-x 1 fufu fufu    0 Aug  8 08:22 mingw-w64-flatbuffers
drwxr-xr-x 1 fufu fufu    0 Aug  8 08:22 mingw-w64-flecs
drwxr-xr-x 1 fufu fufu    0 Aug  8 08:22 mingw-w64-flexdll
drwxr-xr-x 1 fufu fufu    0 Aug  8 08:22 mingw-w64-flickcurl
drwxr-xr-x 1 fufu fufu    0 Aug  8 08:22 mingw-w64-flif
drwxr-xr-x 1 fufu fufu    0 Aug  8 08:22 mingw-w64-flint
drwxr-xr-x 1 fufu fufu    0 Aug  8 08:22 mingw-w64-fltk
drwxr-xr-x 1 fufu fufu    0 Aug  8 08:22 mingw-w64-fltk1.3
drwxr-xr-x 1 fufu fufu    0 Aug  8 08:22 mingw-w64-fluidsynth
drwxr-xr-x 1 fufu fufu    0 Aug  8 08:22 mingw-w64-fmt
drwxr-xr-x 1 fufu fufu    0 Aug  8 08:22 mingw-w64-folly
drwxr-xr-x 1 fufu fufu    0 Aug  8 08:22 mingw-w64-fontconfig
drwxr-xr-x 1 fufu fufu    0 Aug  8 08:22 mingw-w64-fontforge
drwxr-xr-x 1 fufu fufu    0 Aug  8 08:22 mingw-w64-fortran-stdlib
drwxr-xr-x 1 fufu fufu    0 Aug  8 08:22 mingw-w64-fortune-mod
drwxr-xr-x 1 fufu fufu    0 Aug  8 08:22 mingw-w64-fossil
drwxr-xr-x 1 fufu fufu    0 Aug  8 08:22 mingw-w64-fox
drwxr-xr-x 1 fufu fufu    0 Aug  8 08:22 mingw-w64-fpm
drwxr-xr-x 1 fufu fufu    0 Aug  8 08:22 mingw-w64-fq
drwxr-xr-x 1 fufu fufu    0 Aug  8 08:22 mingw-w64-freealut
drwxr-xr-x 1 fufu fufu    0 Aug  8 08:22 mingw-w64-freecad
drwxr-xr-x 1 fufu fufu    0 Aug  8 08:22 mingw-w64-freeglut
drwxr-xr-x 1 fufu fufu    0 Aug  8 08:22 mingw-w64-freeimage
drwxr-xr-x 1 fufu fufu    0 Aug  8 08:22 mingw-w64-freerdp
drwxr-xr-x 1 fufu fufu    0 Aug  8 08:22 mingw-w64-freetds
drwxr-xr-x 1 fufu fufu    0 Aug  8 08:22 mingw-w64-freetype
drwxr-xr-x 1 fufu fufu    0 Aug  8 08:22 mingw-w64-frei0r-plugins
drwxr-xr-x 1 fufu fufu    0 Aug  8 08:22 mingw-w64-fribidi
drwxr-xr-x 1 fufu fufu    0 Aug  8 08:22 mingw-w64-fritzing
drwxr-xr-x 1 fufu fufu    0 Aug  8 08:22 mingw-w64-frontistr
drwxr-xr-x 1 fufu fufu    0 Aug  8 08:22 mingw-w64-frozen
drwxr-xr-x 1 fufu fufu    0 Aug  8 08:22 mingw-w64-fswatch
drwxr-xr-x 1 fufu fufu    0 Aug  8 08:22 mingw-w64-ftgl
drwxr-xr-x 1 fufu fufu    0 Aug  8 08:22 mingw-w64-ftxui
drwxr-xr-x 1 fufu fufu    0 Aug  8 08:22 mingw-w64-fxc2
drwxr-xr-x 1 fufu fufu    0 Aug  8 08:22 mingw-w64-fzf
drwxr-xr-x 1 fufu fufu    0 Aug  8 08:22 mingw-w64-fzssh
drwxr-xr-x 1 fufu fufu    0 Aug  8 08:22 mingw-w64-gammaray
drwxr-xr-x 1 fufu fufu    0 Aug  8 08:22 mingw-w64-gau2grid
drwxr-xr-x 1 fufu fufu    0 Aug  8 08:22 mingw-w64-gavl
drwxr-xr-x 1 fufu fufu    0 Aug  8 08:22 mingw-w64-gc
drwxr-xr-x 1 fufu fufu    0 Aug  8 08:22 mingw-w64-gcab
drwxr-xr-x 1 fufu fufu    0 Aug  8 08:22 mingw-w64-gcc
drwxr-xr-x 1 fufu fufu    0 Aug  8 08:22 mingw-w64-gcovr
drwxr-xr-x 1 fufu fufu    0 Aug  8 08:22 mingw-w64-gdal
drwxr-xr-x 1 fufu fufu    0 Aug  8 08:22 mingw-w64-gdb
drwxr-xr-x 1 fufu fufu    0 Aug  8 08:22 mingw-w64-gdbm
drwxr-xr-x 1 fufu fufu    0 Aug  8 08:22 mingw-w64-gdcm
drwxr-xr-x 1 fufu fufu    0 Aug  8 08:22 mingw-w64-gdk-pixbuf2
drwxr-xr-x 1 fufu fufu    0 Aug  8 08:22 mingw-w64-gdl
drwxr-xr-x 1 fufu fufu    0 Aug  8 08:22 mingw-w64-gdu
drwxr-xr-x 1 fufu fufu    0 Aug  8 08:22 mingw-w64-geany
drwxr-xr-x 1 fufu fufu    0 Aug  8 08:22 mingw-w64-geany-plugins
drwxr-xr-x 1 fufu fufu    0 Aug  8 08:22 mingw-w64-gedit
drwxr-xr-x 1 fufu fufu    0 Aug  8 08:22 mingw-w64-gedit-plugins
drwxr-xr-x 1 fufu fufu    0 Aug  8 08:22 mingw-w64-gegl
drwxr-xr-x 1 fufu fufu    0 Aug  8 08:22 mingw-w64-gemini-cli
drwxr-xr-x 1 fufu fufu    0 Aug  8 08:22 mingw-w64-genromfs
drwxr-xr-x 1 fufu fufu    0 Aug  8 08:22 mingw-w64-geocode-glib
drwxr-xr-x 1 fufu fufu    0 Aug  8 08:22 mingw-w64-geographiclib
drwxr-xr-x 1 fufu fufu    0 Aug  8 08:22 mingw-w64-geoip
drwxr-xr-x 1 fufu fufu    0 Aug  8 08:22 mingw-w64-geoipupdate
drwxr-xr-x 1 fufu fufu    0 Aug  8 08:22 mingw-w64-geos
drwxr-xr-x 1 fufu fufu    0 Aug  8 08:22 mingw-w64-gettext
drwxr-xr-x 1 fufu fufu    0 Aug  8 08:22 mingw-w64-gexiv2
drwxr-xr-x 1 fufu fufu    0 Aug  8 08:22 mingw-w64-gf2x
drwxr-xr-x 1 fufu fufu    0 Aug  8 08:22 mingw-w64-gflags
drwxr-xr-x 1 fufu fufu    0 Aug  8 08:22 mingw-w64-ggml
drwxr-xr-x 1 fufu fufu    0 Aug  8 08:22 mingw-w64-ghc
drwxr-xr-x 1 fufu fufu    0 Aug  8 08:22 mingw-w64-ghdl
drwxr-xr-x 1 fufu fufu    0 Aug  8 08:22 mingw-w64-ghex
drwxr-xr-x 1 fufu fufu    0 Aug  8 08:22 mingw-w64-ghostscript
drwxr-xr-x 1 fufu fufu    0 Aug  8 08:22 mingw-w64-gi-docgen
drwxr-xr-x 1 fufu fufu    0 Aug  8 08:22 mingw-w64-giflib
drwxr-xr-x 1 fufu fufu    0 Aug  8 08:22 mingw-w64-gimp
drwxr-xr-x 1 fufu fufu    0 Aug  8 08:22 mingw-w64-ginkgo
drwxr-xr-x 1 fufu fufu    0 Aug  8 08:22 mingw-w64-git
drwxr-xr-x 1 fufu fufu    0 Aug  8 08:22 mingw-w64-git-lfs
drwxr-xr-x 1 fufu fufu    0 Aug  8 08:22 mingw-w64-git-repo
drwxr-xr-x 1 fufu fufu    0 Aug  8 08:22 mingw-w64-gitg
drwxr-xr-x 1 fufu fufu    0 Aug  8 08:22 mingw-w64-github-cli
drwxr-xr-x 1 fufu fufu    0 Aug  8 08:22 mingw-w64-gitoxide
drwxr-xr-x 1 fufu fufu    0 Aug  8 08:22 mingw-w64-gitu
drwxr-xr-x 1 fufu fufu    0 Aug  8 08:22 mingw-w64-gitui
drwxr-xr-x 1 fufu fufu    0 Aug  8 08:22 mingw-w64-gl2ps
drwxr-xr-x 1 fufu fufu    0 Aug  8 08:22 mingw-w64-glab
drwxr-xr-x 1 fufu fufu    0 Aug  8 08:22 mingw-w64-glade
drwxr-xr-x 1 fufu fufu    0 Aug  8 08:22 mingw-w64-glaze
drwxr-xr-x 1 fufu fufu    0 Aug  8 08:22 mingw-w64-glbinding
drwxr-xr-x 1 fufu fufu    0 Aug  8 08:22 mingw-w64-gles-headers
drwxr-xr-x 1 fufu fufu    0 Aug  8 08:22 mingw-w64-glew
drwxr-xr-x 1 fufu fufu    0 Aug  8 08:22 mingw-w64-glfw
drwxr-xr-x 1 fufu fufu    0 Aug  8 08:22 mingw-w64-glib-networking
drwxr-xr-x 1 fufu fufu    0 Aug  8 08:22 mingw-w64-glib2
drwxr-xr-x 1 fufu fufu    0 Aug  8 08:22 mingw-w64-glibmm
drwxr-xr-x 1 fufu fufu    0 Aug  8 08:22 mingw-w64-glibmm-2.68
drwxr-xr-x 1 fufu fufu    0 Aug  8 08:22 mingw-w64-glm
drwxr-xr-x 1 fufu fufu    0 Aug  8 08:22 mingw-w64-global
drwxr-xr-x 1 fufu fufu    0 Aug  8 08:22 mingw-w64-globjects
drwxr-xr-x 1 fufu fufu    0 Aug  8 08:22 mingw-w64-glog
drwxr-xr-x 1 fufu fufu    0 Aug  8 08:22 mingw-w64-glpk
drwxr-xr-x 1 fufu fufu    0 Aug  8 08:22 mingw-w64-glsl-optimizer
drwxr-xr-x 1 fufu fufu    0 Aug  8 08:22 mingw-w64-glslang
drwxr-xr-x 1 fufu fufu    0 Aug  8 08:22 mingw-w64-glslviewer
drwxr-xr-x 1 fufu fufu    0 Aug  8 08:22 mingw-w64-gmic
drwxr-xr-x 1 fufu fufu    0 Aug  8 08:22 mingw-w64-gmime
drwxr-xr-x 1 fufu fufu    0 Aug  8 08:22 mingw-w64-gmp
drwxr-xr-x 1 fufu fufu    0 Aug  8 08:22 mingw-w64-gmsh
drwxr-xr-x 1 fufu fufu    0 Aug  8 08:22 mingw-w64-gn
drwxr-xr-x 1 fufu fufu    0 Aug  8 08:22 mingw-w64-gnatcoll-bindings
drwxr-xr-x 1 fufu fufu    0 Aug  8 08:22 mingw-w64-gnatcoll-core
drwxr-xr-x 1 fufu fufu    0 Aug  8 08:22 mingw-w64-gnatcoll-db
drwxr-xr-x 1 fufu fufu    0 Aug  8 08:22 mingw-w64-gnatdoc
drwxr-xr-x 1 fufu fufu    0 Aug  8 08:22 mingw-w64-gnatformat
drwxr-xr-x 1 fufu fufu    0 Aug  8 08:22 mingw-w64-gnatstudio
drwxr-xr-x 1 fufu fufu    0 Aug  8 08:22 mingw-w64-gnome-calculator
drwxr-xr-x 1 fufu fufu    0 Aug  8 08:22 mingw-w64-gnome-common
drwxr-xr-x 1 fufu fufu    0 Aug  8 08:22 mingw-w64-gnome-text-editor
drwxr-xr-x 1 fufu fufu    0 Aug  8 08:22 mingw-w64-gnucobol
drwxr-xr-x 1 fufu fufu    0 Aug  8 08:22 mingw-w64-gnumeric
drwxr-xr-x 1 fufu fufu    0 Aug  8 08:22 mingw-w64-gnupg
drwxr-xr-x 1 fufu fufu    0 Aug  8 08:22 mingw-w64-gnuplot
drwxr-xr-x 1 fufu fufu    0 Aug  8 08:22 mingw-w64-gnuradio
drwxr-xr-x 1 fufu fufu    0 Aug  8 08:22 mingw-w64-gnustep-back
drwxr-xr-x 1 fufu fufu    0 Aug  8 08:22 mingw-w64-gnustep-base
drwxr-xr-x 1 fufu fufu    0 Aug  8 08:22 mingw-w64-gnustep-gui
drwxr-xr-x 1 fufu fufu    0 Aug  8 08:22 mingw-w64-gnustep-make
drwxr-xr-x 1 fufu fufu    0 Aug  8 08:22 mingw-w64-gnustep-xctest
drwxr-xr-x 1 fufu fufu    0 Aug  8 08:22 mingw-w64-gnutls
drwxr-xr-x 1 fufu fufu    0 Aug  8 08:22 mingw-w64-go
drwxr-xr-x 1 fufu fufu    0 Aug  8 08:22 mingw-w64-gobject-introspection
drwxr-xr-x 1 fufu fufu    0 Aug  8 08:22 mingw-w64-godot
drwxr-xr-x 1 fufu fufu    0 Aug  8 08:22 mingw-w64-godot-cpp
drwxr-xr-x 1 fufu fufu    0 Aug  8 08:22 mingw-w64-goffice
drwxr-xr-x 1 fufu fufu    0 Aug  8 08:22 mingw-w64-gojq
drwxr-xr-x 1 fufu fufu    0 Aug  8 08:22 mingw-w64-goocanvas
drwxr-xr-x 1 fufu fufu    0 Aug  8 08:22 mingw-w64-goxel
drwxr-xr-x 1 fufu fufu    0 Aug  8 08:22 mingw-w64-gperf
drwxr-xr-x 1 fufu fufu    0 Aug  8 08:22 mingw-w64-gpgme
drwxr-xr-x 1 fufu fufu    0 Aug  8 08:22 mingw-w64-gphoto2
drwxr-xr-x 1 fufu fufu    0 Aug  8 08:22 mingw-w64-gplugin
drwxr-xr-x 1 fufu fufu    0 Aug  8 08:22 mingw-w64-gpr
drwxr-xr-x 1 fufu fufu    0 Aug  8 08:22 mingw-w64-gprbuild
drwxr-xr-x 1 fufu fufu    0 Aug  8 08:22 mingw-w64-gprbuild-bootstrap
drwxr-xr-x 1 fufu fufu    0 Aug  8 08:22 mingw-w64-gptfdisk
drwxr-xr-x 1 fufu fufu    0 Aug  8 08:22 mingw-w64-gputils
drwxr-xr-x 1 fufu fufu    0 Aug  8 08:22 mingw-w64-gr
drwxr-xr-x 1 fufu fufu    0 Aug  8 08:22 mingw-w64-gram
drwxr-xr-x 1 fufu fufu    0 Aug  8 08:22 mingw-w64-granite
drwxr-xr-x 1 fufu fufu    0 Aug  8 08:22 mingw-w64-granite7
drwxr-xr-x 1 fufu fufu    0 Aug  8 08:22 mingw-w64-grantlee
drwxr-xr-x 1 fufu fufu    0 Aug  8 08:22 mingw-w64-graphene
drwxr-xr-x 1 fufu fufu    0 Aug  8 08:22 mingw-w64-graphicsmagick
drwxr-xr-x 1 fufu fufu    0 Aug  8 08:22 mingw-w64-graphite2
drwxr-xr-x 1 fufu fufu    0 Aug  8 08:22 mingw-w64-graphviz
drwxr-xr-x 1 fufu fufu    0 Aug  8 08:22 mingw-w64-grep
drwxr-xr-x 1 fufu fufu    0 Aug  8 08:22 mingw-w64-gromacs
drwxr-xr-x 1 fufu fufu    0 Aug  8 08:22 mingw-w64-groonga
drwxr-xr-x 1 fufu fufu    0 Aug  8 08:22 mingw-w64-grpc
drwxr-xr-x 1 fufu fufu    0 Aug  8 08:22 mingw-w64-grype
drwxr-xr-x 1 fufu fufu    0 Aug  8 08:22 mingw-w64-gsasl
drwxr-xr-x 1 fufu fufu    0 Aug  8 08:22 mingw-w64-gsettings-desktop-schemas
drwxr-xr-x 1 fufu fufu    0 Aug  8 08:22 mingw-w64-gsfonts
drwxr-xr-x 1 fufu fufu    0 Aug  8 08:22 mingw-w64-gsl
drwxr-xr-x 1 fufu fufu    0 Aug  8 08:22 mingw-w64-gsl-lite
drwxr-xr-x 1 fufu fufu    0 Aug  8 08:22 mingw-w64-gsm
drwxr-xr-x 1 fufu fufu    0 Aug  8 08:22 mingw-w64-gsoap
drwxr-xr-x 1 fufu fufu    0 Aug  8 08:22 mingw-w64-gspell
drwxr-xr-x 1 fufu fufu    0 Aug  8 08:22 mingw-w64-gss
drwxr-xr-x 1 fufu fufu    0 Aug  8 08:22 mingw-w64-gssdp
drwxr-xr-x 1 fufu fufu    0 Aug  8 08:22 mingw-w64-gst-devtools
drwxr-xr-x 1 fufu fufu    0 Aug  8 08:22 mingw-w64-gst-editing-services
drwxr-xr-x 1 fufu fufu    0 Aug  8 08:22 mingw-w64-gst-libav
drwxr-xr-x 1 fufu fufu    0 Aug  8 08:22 mingw-w64-gst-plugins-bad
drwxr-xr-x 1 fufu fufu    0 Aug  8 08:22 mingw-w64-gst-plugins-base
drwxr-xr-x 1 fufu fufu    0 Aug  8 08:22 mingw-w64-gst-plugins-good
drwxr-xr-x 1 fufu fufu    0 Aug  8 08:22 mingw-w64-gst-plugins-rs
drwxr-xr-x 1 fufu fufu    0 Aug  8 08:22 mingw-w64-gst-plugins-ugly
drwxr-xr-x 1 fufu fufu    0 Aug  8 08:22 mingw-w64-gst-python
drwxr-xr-x 1 fufu fufu    0 Aug  8 08:22 mingw-w64-gst-rtsp-server
drwxr-xr-x 1 fufu fufu    0 Aug  8 08:22 mingw-w64-gstreamer
drwxr-xr-x 1 fufu fufu    0 Aug  8 08:22 mingw-w64-gtest
drwxr-xr-x 1 fufu fufu    0 Aug  8 08:22 mingw-w64-gtk-doc
drwxr-xr-x 1 fufu fufu    0 Aug  8 08:22 mingw-w64-gtk-elementary-theme
drwxr-xr-x 1 fufu fufu    0 Aug  8 08:22 mingw-w64-gtk-vnc
drwxr-xr-x 1 fufu fufu    0 Aug  8 08:22 mingw-w64-gtk2
drwxr-xr-x 1 fufu fufu    0 Aug  8 08:22 mingw-w64-gtk3
drwxr-xr-x 1 fufu fufu    0 Aug  8 08:22 mingw-w64-gtk4
drwxr-xr-x 1 fufu fufu    0 Aug  8 08:22 mingw-w64-gtkada
drwxr-xr-x 1 fufu fufu    0 Aug  8 08:22 mingw-w64-gtkdatabox
drwxr-xr-x 1 fufu fufu    0 Aug  8 08:22 mingw-w64-gtkmm-4.0
drwxr-xr-x 1 fufu fufu    0 Aug  8 08:22 mingw-w64-gtkmm3
drwxr-xr-x 1 fufu fufu    0 Aug  8 08:22 mingw-w64-gtksourceview3
drwxr-xr-x 1 fufu fufu    0 Aug  8 08:22 mingw-w64-gtksourceview4
drwxr-xr-x 1 fufu fufu    0 Aug  8 08:22 mingw-w64-gtksourceview5
drwxr-xr-x 1 fufu fufu    0 Aug  8 08:22 mingw-w64-gtksourceviewmm3
drwxr-xr-x 1 fufu fufu    0 Aug  8 08:22 mingw-w64-gtkspell3
drwxr-xr-x 1 fufu fufu    0 Aug  8 08:22 mingw-w64-gtkwave
drwxr-xr-x 1 fufu fufu    0 Aug  8 08:22 mingw-w64-gts
drwxr-xr-x 1 fufu fufu    0 Aug  8 08:22 mingw-w64-gumbo-parser
drwxr-xr-x 1 fufu fufu    0 Aug  8 08:22 mingw-w64-gw
drwxr-xr-x 1 fufu fufu    0 Aug  8 08:22 mingw-w64-gxml
drwxr-xr-x 1 fufu fufu    0 Aug  8 08:22 mingw-w64-hackrf
drwxr-xr-x 1 fufu fufu    0 Aug  8 08:22 mingw-w64-handbrake
drwxr-xr-x 1 fufu fufu    0 Aug  8 08:22 mingw-w64-harfbuzz
drwxr-xr-x 1 fufu fufu    0 Aug  8 08:22 mingw-w64-harper
drwxr-xr-x 1 fufu fufu    0 Aug  8 08:22 mingw-w64-hayagriva
drwxr-xr-x 1 fufu fufu    0 Aug  8 08:22 mingw-w64-hclient
drwxr-xr-x 1 fufu fufu    0 Aug  8 08:22 mingw-w64-hdf4
drwxr-xr-x 1 fufu fufu    0 Aug  8 08:22 mingw-w64-hdf5
drwxr-xr-x 1 fufu fufu    0 Aug  8 08:22 mingw-w64-hdr10plus-tool
drwxr-xr-x 1 fufu fufu    0 Aug  8 08:22 mingw-w64-headers
drwxr-xr-x 1 fufu fufu    0 Aug  8 08:22 mingw-w64-heimdall
drwxr-xr-x 1 fufu fufu    0 Aug  8 08:22 mingw-w64-helics
drwxr-xr-x 1 fufu fufu    0 Aug  8 08:22 mingw-w64-helix
drwxr-xr-x 1 fufu fufu    0 Aug  8 08:22 mingw-w64-hererocks
drwxr-xr-x 1 fufu fufu    0 Aug  8 08:22 mingw-w64-hexchat
drwxr-xr-x 1 fufu fufu    0 Aug  8 08:22 mingw-w64-hexyl
drwxr-xr-x 1 fufu fufu    0 Aug  8 08:22 mingw-w64-hicolor-icon-theme
drwxr-xr-x 1 fufu fufu    0 Aug  8 08:22 mingw-w64-hid-bootloader-cli
drwxr-xr-x 1 fufu fufu    0 Aug  8 08:22 mingw-w64-hidapi
drwxr-xr-x 1 fufu fufu    0 Aug  8 08:22 mingw-w64-hidapitester
drwxr-xr-x 1 fufu fufu    0 Aug  8 08:22 mingw-w64-highfive
drwxr-xr-x 1 fufu fufu    0 Aug  8 08:22 mingw-w64-highlight
drwxr-xr-x 1 fufu fufu    0 Aug  8 08:22 mingw-w64-highs
drwxr-xr-x 1 fufu fufu    0 Aug  8 08:22 mingw-w64-highway
drwxr-xr-x 1 fufu fufu    0 Aug  8 08:22 mingw-w64-hiredis
drwxr-xr-x 1 fufu fufu    0 Aug  8 08:22 mingw-w64-hl
drwxr-xr-x 1 fufu fufu    0 Aug  8 08:22 mingw-w64-hlsl2glsl
drwxr-xr-x 1 fufu fufu    0 Aug  8 08:22 mingw-w64-htslib
drwxr-xr-x 1 fufu fufu    0 Aug  8 08:22 mingw-w64-http-parser
drwxr-xr-x 1 fufu fufu    0 Aug  8 08:22 mingw-w64-httpbin
drwxr-xr-x 1 fufu fufu    0 Aug  8 08:22 mingw-w64-hub
drwxr-xr-x 1 fufu fufu    0 Aug  8 08:22 mingw-w64-hugo
drwxr-xr-x 1 fufu fufu    0 Aug  8 08:22 mingw-w64-hunspell
drwxr-xr-x 1 fufu fufu    0 Aug  8 08:22 mingw-w64-hunspell-en
drwxr-xr-x 1 fufu fufu    0 Aug  8 08:22 mingw-w64-hurl
drwxr-xr-x 1 fufu fufu    0 Aug  8 08:22 mingw-w64-hwloc
drwxr-xr-x 1 fufu fufu    0 Aug  8 08:22 mingw-w64-hypercorn
drwxr-xr-x 1 fufu fufu    0 Aug  8 08:22 mingw-w64-hyperfine
drwxr-xr-x 1 fufu fufu    0 Aug  8 08:22 mingw-w64-hyphen
drwxr-xr-x 1 fufu fufu    0 Aug  8 08:22 mingw-w64-hypre
drwxr-xr-x 1 fufu fufu    0 Aug  8 08:22 mingw-w64-i2pd
drwxr-xr-x 1 fufu fufu    0 Aug  8 08:22 mingw-w64-icesprog
drwxr-xr-x 1 fufu fufu    0 Aug  8 08:22 mingw-w64-icestorm
drwxr-xr-x 1 fufu fufu    0 Aug  8 08:22 mingw-w64-icoutils
drwxr-xr-x 1 fufu fufu    0 Aug  8 08:22 mingw-w64-icu
drwxr-xr-x 1 fufu fufu    0 Aug  8 08:22 mingw-w64-id3lib
drwxr-xr-x 1 fufu fufu    0 Aug  8 08:22 mingw-w64-ideviceinstaller
drwxr-xr-x 1 fufu fufu    0 Aug  8 08:22 mingw-w64-idevicerestore
drwxr-xr-x 1 fufu fufu    0 Aug  8 08:22 mingw-w64-ifcopenshell
drwxr-xr-x 1 fufu fufu    0 Aug  8 08:22 mingw-w64-igraph
drwxr-xr-x 1 fufu fufu    0 Aug  8 08:22 mingw-w64-iir
drwxr-xr-x 1 fufu fufu    0 Aug  8 08:22 mingw-w64-imagemagick
drwxr-xr-x 1 fufu fufu    0 Aug  8 08:22 mingw-w64-imath
drwxr-xr-x 1 fufu fufu    0 Aug  8 08:22 mingw-w64-img2pdf
drwxr-xr-x 1 fufu fufu    0 Aug  8 08:22 mingw-w64-iml
drwxr-xr-x 1 fufu fufu    0 Aug  8 08:22 mingw-w64-immer
drwxr-xr-x 1 fufu fufu    0 Aug  8 08:22 mingw-w64-include-what-you-use
drwxr-xr-x 1 fufu fufu    0 Aug  8 08:22 mingw-w64-indent
drwxr-xr-x 1 fufu fufu    0 Aug  8 08:22 mingw-w64-inja
drwxr-xr-x 1 fufu fufu    0 Aug  8 08:22 mingw-w64-inkscape
drwxr-xr-x 1 fufu fufu    0 Aug  8 08:22 mingw-w64-innoextract
drwxr-xr-x 1 fufu fufu    0 Aug  8 08:22 mingw-w64-intel-xed
drwxr-xr-x 1 fufu fufu    0 Aug  8 08:22 mingw-w64-irrlicht
drwxr-xr-x 1 fufu fufu    0 Aug  8 08:22 mingw-w64-is_utf8
drwxr-xr-x 1 fufu fufu    0 Aug  8 08:22 mingw-w64-isa-l
drwxr-xr-x 1 fufu fufu    0 Aug  8 08:22 mingw-w64-isl
drwxr-xr-x 1 fufu fufu    0 Aug  8 08:22 mingw-w64-iso-codes
drwxr-xr-x 1 fufu fufu    0 Aug  8 08:22 mingw-w64-ispc
drwxr-xr-x 1 fufu fufu    0 Aug  8 08:22 mingw-w64-itk
drwxr-xr-x 1 fufu fufu    0 Aug  8 08:22 mingw-w64-itstool
drwxr-xr-x 1 fufu fufu    0 Aug  8 08:22 mingw-w64-iverilog
drwxr-xr-x 1 fufu fufu    0 Aug  8 08:22 mingw-w64-ixion
drwxr-xr-x 1 fufu fufu    0 Aug  8 08:22 mingw-w64-jack2
drwxr-xr-x 1 fufu fufu    0 Aug  8 08:22 mingw-w64-jansson
drwxr-xr-x 1 fufu fufu    0 Aug  8 08:22 mingw-w64-jaq
drwxr-xr-x 1 fufu fufu    0 Aug  8 08:22 mingw-w64-jasper
drwxr-xr-x 1 fufu fufu    0 Aug  8 08:22 mingw-w64-jbig2dec
drwxr-xr-x 1 fufu fufu    0 Aug  8 08:22 mingw-w64-jbigkit
drwxr-xr-x 1 fufu fufu    0 Aug  8 08:22 mingw-w64-jemalloc
drwxr-xr-x 1 fufu fufu    0 Aug  8 08:22 mingw-w64-jj
drwxr-xr-x 1 fufu fufu    0 Aug  8 08:22 mingw-w64-jkqtplotter
drwxr-xr-x 1 fufu fufu    0 Aug  8 08:22 mingw-w64-jo
drwxr-xr-x 1 fufu fufu    0 Aug  8 08:22 mingw-w64-jolt-physics
drwxr-xr-x 1 fufu fufu    0 Aug  8 08:22 mingw-w64-jom
drwxr-xr-x 1 fufu fufu    0 Aug  8 08:22 mingw-w64-jp2-pixbuf-loader
drwxr-xr-x 1 fufu fufu    0 Aug  8 08:22 mingw-w64-jpegoptim
drwxr-xr-x 1 fufu fufu    0 Aug  8 08:22 mingw-w64-jq
drwxr-xr-x 1 fufu fufu    0 Aug  8 08:22 mingw-w64-jq-lsp
drwxr-xr-x 1 fufu fufu    0 Aug  8 08:22 mingw-w64-json-c
drwxr-xr-x 1 fufu fufu    0 Aug  8 08:22 mingw-w64-json-fortran
drwxr-xr-x 1 fufu fufu    0 Aug  8 08:22 mingw-w64-json-glib
drwxr-xr-x 1 fufu fufu    0 Aug  8 08:22 mingw-w64-json-schema-validator
drwxr-xr-x 1 fufu fufu    0 Aug  8 08:22 mingw-w64-jsoncpp
drwxr-xr-x 1 fufu fufu    0 Aug  8 08:22 mingw-w64-jsonnet
drwxr-xr-x 1 fufu fufu    0 Aug  8 08:22 mingw-w64-jsonrpc-glib
drwxr-xr-x 1 fufu fufu    0 Aug  8 08:22 mingw-w64-judy
drwxr-xr-x 1 fufu fufu    0 Aug  8 08:22 mingw-w64-julia
drwxr-xr-x 1 fufu fufu    0 Aug  8 08:22 mingw-w64-junitparser
drwxr-xr-x 1 fufu fufu    0 Aug  8 08:22 mingw-w64-just
drwxr-xr-x 1 fufu fufu    0 Aug  8 08:22 mingw-w64-jxrlib
drwxr-xr-x 1 fufu fufu    0 Aug  8 08:22 mingw-w64-karchive
drwxr-xr-x 1 fufu fufu    0 Aug  8 08:22 mingw-w64-kate
drwxr-xr-x 1 fufu fufu    0 Aug  8 08:22 mingw-w64-kate-wakatime
drwxr-xr-x 1 fufu fufu    0 Aug  8 08:22 mingw-w64-kbookmarks
drwxr-xr-x 1 fufu fufu    0 Aug  8 08:22 mingw-w64-kcachegrind
drwxr-xr-x 1 fufu fufu    0 Aug  8 08:22 mingw-w64-kcmutils
drwxr-xr-x 1 fufu fufu    0 Aug  8 08:22 mingw-w64-kcodecs
drwxr-xr-x 1 fufu fufu    0 Aug  8 08:22 mingw-w64-kcolorscheme
drwxr-xr-x 1 fufu fufu    0 Aug  8 08:22 mingw-w64-kcompletion
drwxr-xr-x 1 fufu fufu    0 Aug  8 08:22 mingw-w64-kconfig
drwxr-xr-x 1 fufu fufu    0 Aug  8 08:22 mingw-w64-kconfigwidgets
drwxr-xr-x 1 fufu fufu    0 Aug  8 08:22 mingw-w64-kcontacts
drwxr-xr-x 1 fufu fufu    0 Aug  8 08:22 mingw-w64-kcoreaddons
drwxr-xr-x 1 fufu fufu    0 Aug  8 08:22 mingw-w64-kcrash
drwxr-xr-x 1 fufu fufu    0 Aug  8 08:22 mingw-w64-kdbusaddons
drwxr-xr-x 1 fufu fufu    0 Aug  8 08:22 mingw-w64-kddockwidgets
drwxr-xr-x 1 fufu fufu    0 Aug  8 08:22 mingw-w64-kdeclarative
drwxr-xr-x 1 fufu fufu    0 Aug  8 08:22 mingw-w64-kdeconnect
drwxr-xr-x 1 fufu fufu    0 Aug  8 08:22 mingw-w64-kdegraphics-mobipocket
drwxr-xr-x 1 fufu fufu    0 Aug  8 08:22 mingw-w64-kdenlive
drwxr-xr-x 1 fufu fufu    0 Aug  8 08:22 mingw-w64-kdiagram
drwxr-xr-x 1 fufu fufu    0 Aug  8 08:22 mingw-w64-kdiff3
drwxr-xr-x 1 fufu fufu    0 Aug  8 08:22 mingw-w64-kdnssd
drwxr-xr-x 1 fufu fufu    0 Aug  8 08:22 mingw-w64-kdoctools
drwxr-xr-x 1 fufu fufu    0 Aug  8 08:22 mingw-w64-kdsingleapplication
drwxr-xr-x 1 fufu fufu    0 Aug  8 08:22 mingw-w64-kdstatemachineeditor
drwxr-xr-x 1 fufu fufu    0 Aug  8 08:22 mingw-w64-keepassxc
drwxr-xr-x 1 fufu fufu    0 Aug  8 08:22 mingw-w64-keepawake
drwxr-xr-x 1 fufu fufu    0 Aug  8 08:22 mingw-w64-keystone
drwxr-xr-x 1 fufu fufu    0 Aug  8 08:22 mingw-w64-kfilemetadata
drwxr-xr-x 1 fufu fufu    0 Aug  8 08:22 mingw-w64-kglobalaccel
drwxr-xr-x 1 fufu fufu    0 Aug  8 08:22 mingw-w64-kguiaddons
drwxr-xr-x 1 fufu fufu    0 Aug  8 08:22 mingw-w64-kholidays
drwxr-xr-x 1 fufu fufu    0 Aug  8 08:22 mingw-w64-ki18n
drwxr-xr-x 1 fufu fufu    0 Aug  8 08:22 mingw-w64-kicad
drwxr-xr-x 1 fufu fufu    0 Aug  8 08:22 mingw-w64-kicad-doc
drwxr-xr-x 1 fufu fufu    0 Aug  8 08:22 mingw-w64-kicad-library
drwxr-xr-x 1 fufu fufu    0 Aug  8 08:22 mingw-w64-kiconthemes
drwxr-xr-x 1 fufu fufu    0 Aug  8 08:22 mingw-w64-kidletime
drwxr-xr-x 1 fufu fufu    0 Aug  8 08:22 mingw-w64-kimageformats
drwxr-xr-x 1 fufu fufu    0 Aug  8 08:22 mingw-w64-kimi-code
drwxr-xr-x 1 fufu fufu    0 Aug  8 08:22 mingw-w64-kio
drwxr-xr-x 1 fufu fufu    0 Aug  8 08:22 mingw-w64-kirigami
drwxr-xr-x 1 fufu fufu    0 Aug  8 08:22 mingw-w64-kirigami-addons
drwxr-xr-x 1 fufu fufu    0 Aug  8 08:22 mingw-w64-kiss_fft
drwxr-xr-x 1 fufu fufu    0 Aug  8 08:22 mingw-w64-kitemmodels
drwxr-xr-x 1 fufu fufu    0 Aug  8 08:22 mingw-w64-kitemviews
drwxr-xr-x 1 fufu fufu    0 Aug  8 08:22 mingw-w64-kjobwidgets
drwxr-xr-x 1 fufu fufu    0 Aug  8 08:22 mingw-w64-knewstuff
drwxr-xr-x 1 fufu fufu    0 Aug  8 08:22 mingw-w64-knotifications
drwxr-xr-x 1 fufu fufu    0 Aug  8 08:22 mingw-w64-knotifyconfig
drwxr-xr-x 1 fufu fufu    0 Aug  8 08:22 mingw-w64-koboldcpp
drwxr-xr-x 1 fufu fufu    0 Aug  8 08:22 mingw-w64-konsole
drwxr-xr-x 1 fufu fufu    0 Aug  8 08:22 mingw-w64-konversation
drwxr-xr-x 1 fufu fufu    0 Aug  8 08:22 mingw-w64-kpackage
drwxr-xr-x 1 fufu fufu    0 Aug  8 08:22 mingw-w64-kparts
drwxr-xr-x 1 fufu fufu    0 Aug  8 08:22 mingw-w64-kpeople
drwxr-xr-x 1 fufu fufu    0 Aug  8 08:22 mingw-w64-kplotting
drwxr-xr-x 1 fufu fufu    0 Aug  8 08:22 mingw-w64-kqtquickcharts
drwxr-xr-x 1 fufu fufu    0 Aug  8 08:22 mingw-w64-krita
drwxr-xr-x 1 fufu fufu    0 Aug  8 08:22 mingw-w64-krpc-cpp
drwxr-xr-x 1 fufu fufu    0 Aug  8 08:22 mingw-w64-kseexpr
drwxr-xr-x 1 fufu fufu    0 Aug  8 08:22 mingw-w64-kservice
drwxr-xr-x 1 fufu fufu    0 Aug  8 08:22 mingw-w64-kstatusnotifieritem
drwxr-xr-x 1 fufu fufu    0 Aug  8 08:22 mingw-w64-ktexteditor
drwxr-xr-x 1 fufu fufu    0 Aug  8 08:22 mingw-w64-ktextwidgets
drwxr-xr-x 1 fufu fufu    0 Aug  8 08:22 mingw-w64-ktouch
drwxr-xr-x 1 fufu fufu    0 Aug  8 08:22 mingw-w64-ktx-software
drwxr-xr-x 1 fufu fufu    0 Aug  8 08:22 mingw-w64-kunitconversion
drwxr-xr-x 1 fufu fufu    0 Aug  8 08:22 mingw-w64-kuserfeedback
drwxr-xr-x 1 fufu fufu    0 Aug  8 08:22 mingw-w64-kvazaar
drwxr-xr-x 1 fufu fufu    0 Aug  8 08:22 mingw-w64-kwallet
drwxr-xr-x 1 fufu fufu    0 Aug  8 08:22 mingw-w64-kwidgetsaddons
drwxr-xr-x 1 fufu fufu    0 Aug  8 08:22 mingw-w64-kwindowsystem
drwxr-xr-x 1 fufu fufu    0 Aug  8 08:22 mingw-w64-kxmlgui
drwxr-xr-x 1 fufu fufu    0 Aug  8 08:22 mingw-w64-l-smash
drwxr-xr-x 1 fufu fufu    0 Aug  8 08:22 mingw-w64-labplot
drwxr-xr-x 1 fufu fufu    0 Aug  8 08:22 mingw-w64-ladspa-sdk
drwxr-xr-x 1 fufu fufu    0 Aug  8 08:22 mingw-w64-lager
drwxr-xr-x 1 fufu fufu    0 Aug  8 08:22 mingw-w64-lal-refactor
drwxr-xr-x 1 fufu fufu    0 Aug  8 08:22 mingw-w64-lame
drwxr-xr-x 1 fufu fufu    0 Aug  8 08:22 mingw-w64-lammps
drwxr-xr-x 1 fufu fufu    0 Aug  8 08:22 mingw-w64-langkit
drwxr-xr-x 1 fufu fufu    0 Aug  8 08:22 mingw-w64-langkit_support
drwxr-xr-x 1 fufu fufu    0 Aug  8 08:22 mingw-w64-lapack
drwxr-xr-x 1 fufu fufu    0 Aug  8 08:22 mingw-w64-lapce
drwxr-xr-x 1 fufu fufu    0 Aug  8 08:22 mingw-w64-lasem
drwxr-xr-x 1 fufu fufu    0 Aug  8 08:22 mingw-w64-laszip
drwxr-xr-x 1 fufu fufu    0 Aug  8 08:22 mingw-w64-lcms2
drwxr-xr-x 1 fufu fufu    0 Aug  8 08:22 mingw-w64-lcov
drwxr-xr-x 1 fufu fufu    0 Aug  8 08:22 mingw-w64-ldns
drwxr-xr-x 1 fufu fufu    0 Aug  8 08:22 mingw-w64-ledger
drwxr-xr-x 1 fufu fufu    0 Aug  8 08:22 mingw-w64-lensfun
drwxr-xr-x 1 fufu fufu    0 Aug  8 08:22 mingw-w64-leocad
drwxr-xr-x 1 fufu fufu    0 Aug  8 08:22 mingw-w64-leptonica
drwxr-xr-x 1 fufu fufu    0 Aug  8 08:22 mingw-w64-leptosfmt
drwxr-xr-x 1 fufu fufu    0 Aug  8 08:22 mingw-w64-lerc
drwxr-xr-x 1 fufu fufu    0 Aug  8 08:22 mingw-w64-level-zero
drwxr-xr-x 1 fufu fufu    0 Aug  8 08:22 mingw-w64-leveldb
drwxr-xr-x 1 fufu fufu    0 Aug  8 08:22 mingw-w64-lexbor
drwxr-xr-x 1 fufu fufu    0 Aug  8 08:22 mingw-w64-lf
drwxr-xr-x 1 fufu fufu    0 Aug  8 08:22 mingw-w64-lfcbase
drwxr-xr-x 1 fufu fufu    0 Aug  8 08:22 mingw-w64-lfcxml
drwxr-xr-x 1 fufu fufu    0 Aug  8 08:22 mingw-w64-lfortran
drwxr-xr-x 1 fufu fufu    0 Aug  8 08:22 mingw-w64-lib2geom
drwxr-xr-x 1 fufu fufu    0 Aug  8 08:22 mingw-w64-lib3mf
drwxr-xr-x 1 fufu fufu    0 Aug  8 08:22 mingw-w64-libaacs
drwxr-xr-x 1 fufu fufu    0 Aug  8 08:22 mingw-w64-libabw
drwxr-xr-x 1 fufu fufu    0 Aug  8 08:22 mingw-w64-libad9361-iio
drwxr-xr-x 1 fufu fufu    0 Aug  8 08:22 mingw-w64-libadalang
drwxr-xr-x 1 fufu fufu    0 Aug  8 08:22 mingw-w64-libadalang-tools
drwxr-xr-x 1 fufu fufu    0 Aug  8 08:22 mingw-w64-libadlmidi
drwxr-xr-x 1 fufu fufu    0 Aug  8 08:22 mingw-w64-libadwaita
drwxr-xr-x 1 fufu fufu    0 Aug  8 08:22 mingw-w64-libaec
drwxr-xr-x 1 fufu fufu    0 Aug  8 08:22 mingw-w64-libao
drwxr-xr-x 1 fufu fufu    0 Aug  8 08:22 mingw-w64-libarchive
drwxr-xr-x 1 fufu fufu    0 Aug  8 08:22 mingw-w64-libaribcaption
drwxr-xr-x 1 fufu fufu    0 Aug  8 08:22 mingw-w64-libart_lgpl
drwxr-xr-x 1 fufu fufu    0 Aug  8 08:22 mingw-w64-libass
drwxr-xr-x 1 fufu fufu    0 Aug  8 08:22 mingw-w64-libassuan
drwxr-xr-x 1 fufu fufu    0 Aug  8 08:22 mingw-w64-libatomic_ops
drwxr-xr-x 1 fufu fufu    0 Aug  8 08:22 mingw-w64-libavif
drwxr-xr-x 1 fufu fufu    0 Aug  8 08:22 mingw-w64-libavro
drwxr-xr-x 1 fufu fufu    0 Aug  8 08:22 mingw-w64-libb2
drwxr-xr-x 1 fufu fufu    0 Aug  8 08:22 mingw-w64-libb64
drwxr-xr-x 1 fufu fufu    0 Aug  8 08:22 mingw-w64-libbacktrace
drwxr-xr-x 1 fufu fufu    0 Aug  8 08:22 mingw-w64-libbdplus
drwxr-xr-x 1 fufu fufu    0 Aug  8 08:22 mingw-w64-libbluray
drwxr-xr-x 1 fufu fufu    0 Aug  8 08:22 mingw-w64-libbotan
drwxr-xr-x 1 fufu fufu    0 Aug  8 08:22 mingw-w64-libbraiding
drwxr-xr-x 1 fufu fufu    0 Aug  8 08:22 mingw-w64-libbs2b
drwxr-xr-x 1 fufu fufu    0 Aug  8 08:22 mingw-w64-libbsdf
drwxr-xr-x 1 fufu fufu    0 Aug  8 08:22 mingw-w64-libc++
drwxr-xr-x 1 fufu fufu    0 Aug  8 08:22 mingw-w64-libcaca
drwxr-xr-x 1 fufu fufu    0 Aug  8 08:22 mingw-w64-libcacard
drwxr-xr-x 1 fufu fufu    0 Aug  8 08:22 mingw-w64-libcbor
drwxr-xr-x 1 fufu fufu    0 Aug  8 08:22 mingw-w64-libcddb
drwxr-xr-x 1 fufu fufu    0 Aug  8 08:22 mingw-w64-libcdio
drwxr-xr-x 1 fufu fufu    0 Aug  8 08:22 mingw-w64-libcdio-paranoia
drwxr-xr-x 1 fufu fufu    0 Aug  8 08:22 mingw-w64-libcdr
drwxr-xr-x 1 fufu fufu    0 Aug  8 08:22 mingw-w64-libcello
drwxr-xr-x 1 fufu fufu    0 Aug  8 08:22 mingw-w64-libcerf
drwxr-xr-x 1 fufu fufu    0 Aug  8 08:22 mingw-w64-libclc
drwxr-xr-x 1 fufu fufu    0 Aug  8 08:22 mingw-w64-libcloudproviders
drwxr-xr-x 1 fufu fufu    0 Aug  8 08:22 mingw-w64-libcmis
drwxr-xr-x 1 fufu fufu    0 Aug  8 08:22 mingw-w64-libconfig
drwxr-xr-x 1 fufu fufu    0 Aug  8 08:22 mingw-w64-libconfini
drwxr-xr-x 1 fufu fufu    0 Aug  8 08:22 mingw-w64-libcue
drwxr-xr-x 1 fufu fufu    0 Aug  8 08:22 mingw-w64-libdatrie
drwxr-xr-x 1 fufu fufu    0 Aug  8 08:22 mingw-w64-libdazzle
drwxr-xr-x 1 fufu fufu    0 Aug  8 08:22 mingw-w64-libdca
drwxr-xr-x 1 fufu fufu    0 Aug  8 08:22 mingw-w64-libde265
drwxr-xr-x 1 fufu fufu    0 Aug  8 08:22 mingw-w64-libdeflate
drwxr-xr-x 1 fufu fufu    0 Aug  8 08:22 mingw-w64-libdex
drwxr-xr-x 1 fufu fufu    0 Aug  8 08:22 mingw-w64-libdicom
drwxr-xr-x 1 fufu fufu    0 Aug  8 08:22 mingw-w64-libdiscid
drwxr-xr-x 1 fufu fufu    0 Aug  8 08:22 mingw-w64-libdispatch
drwxr-xr-x 1 fufu fufu    0 Aug  8 08:22 mingw-w64-libdmtx
drwxr-xr-x 1 fufu fufu    0 Aug  8 08:22 mingw-w64-libdovi
drwxr-xr-x 1 fufu fufu    0 Aug  8 08:22 mingw-w64-libdsm
drwxr-xr-x 1 fufu fufu    0 Aug  8 08:22 mingw-w64-libdvbpsi
drwxr-xr-x 1 fufu fufu    0 Aug  8 08:22 mingw-w64-libdvdcss
drwxr-xr-x 1 fufu fufu    0 Aug  8 08:22 mingw-w64-libdvdnav
drwxr-xr-x 1 fufu fufu    0 Aug  8 08:22 mingw-w64-libdvdread
drwxr-xr-x 1 fufu fufu    0 Aug  8 08:22 mingw-w64-libdwarf
drwxr-xr-x 1 fufu fufu    0 Aug  8 08:22 mingw-w64-libe-book
drwxr-xr-x 1 fufu fufu    0 Aug  8 08:22 mingw-w64-libebml
drwxr-xr-x 1 fufu fufu    0 Aug  8 08:22 mingw-w64-libebur128
drwxr-xr-x 1 fufu fufu    0 Aug  8 08:22 mingw-w64-libelf
drwxr-xr-x 1 fufu fufu    0 Aug  8 08:22 mingw-w64-libepoxy
drwxr-xr-x 1 fufu fufu    0 Aug  8 08:22 mingw-w64-libepubgen
drwxr-xr-x 1 fufu fufu    0 Aug  8 08:22 mingw-w64-liberime
drwxr-xr-x 1 fufu fufu    0 Aug  8 08:22 mingw-w64-libetonyek
drwxr-xr-x 1 fufu fufu    0 Aug  8 08:22 mingw-w64-libevent
drwxr-xr-x 1 fufu fufu    0 Aug  8 08:22 mingw-w64-libexif
drwxr-xr-x 1 fufu fufu    0 Aug  8 08:22 mingw-w64-libexodus
drwxr-xr-x 1 fufu fufu    0 Aug  8 08:22 mingw-w64-libexttextcat
drwxr-xr-x 1 fufu fufu    0 Aug  8 08:22 mingw-w64-libfdf
drwxr-xr-x 1 fufu fufu    0 Aug  8 08:22 mingw-w64-libffi
drwxr-xr-x 1 fufu fufu    0 Aug  8 08:22 mingw-w64-libfido2
drwxr-xr-x 1 fufu fufu    0 Aug  8 08:22 mingw-w64-libfilezilla
drwxr-xr-x 1 fufu fufu    0 Aug  8 08:22 mingw-w64-libfixmath
drwxr-xr-x 1 fufu fufu    0 Aug  8 08:22 mingw-w64-libfreehand
drwxr-xr-x 1 fufu fufu    0 Aug  8 08:22 mingw-w64-libfreexl
drwxr-xr-x 1 fufu fufu    0 Aug  8 08:22 mingw-w64-libftdi
drwxr-xr-x 1 fufu fufu    0 Aug  8 08:22 mingw-w64-libfyaml
drwxr-xr-x 1 fufu fufu    0 Aug  8 08:22 mingw-w64-libgadu
drwxr-xr-x 1 fufu fufu    0 Aug  8 08:22 mingw-w64-libgcrypt
drwxr-xr-x 1 fufu fufu    0 Aug  8 08:22 mingw-w64-libgd
drwxr-xr-x 1 fufu fufu    0 Aug  8 08:22 mingw-w64-libgda
drwxr-xr-x 1 fufu fufu    0 Aug  8 08:22 mingw-w64-libgdiplus
drwxr-xr-x 1 fufu fufu    0 Aug  8 08:22 mingw-w64-libgedit-amtk
drwxr-xr-x 1 fufu fufu    0 Aug  8 08:22 mingw-w64-libgedit-gfls
drwxr-xr-x 1 fufu fufu    0 Aug  8 08:22 mingw-w64-libgedit-gtksourceview
drwxr-xr-x 1 fufu fufu    0 Aug  8 08:22 mingw-w64-libgedit-tepl
drwxr-xr-x 1 fufu fufu    0 Aug  8 08:22 mingw-w64-libgee
drwxr-xr-x 1 fufu fufu    0 Aug  8 08:22 mingw-w64-libgeotiff
drwxr-xr-x 1 fufu fufu    0 Aug  8 08:22 mingw-w64-libgig
drwxr-xr-x 1 fufu fufu    0 Aug  8 08:22 mingw-w64-libgit2
drwxr-xr-x 1 fufu fufu    0 Aug  8 08:22 mingw-w64-libgit2-glib
drwxr-xr-x 1 fufu fufu    0 Aug  8 08:22 mingw-w64-libgme
drwxr-xr-x 1 fufu fufu    0 Aug  8 08:22 mingw-w64-libgnurx
drwxr-xr-x 1 fufu fufu    0 Aug  8 08:22 mingw-w64-libgoom2
drwxr-xr-x 1 fufu fufu    0 Aug  8 08:22 mingw-w64-libgovirt
drwxr-xr-x 1 fufu fufu    0 Aug  8 08:22 mingw-w64-libgpg-error
drwxr-xr-x 1 fufu fufu    0 Aug  8 08:22 mingw-w64-libgphoto2
drwxr-xr-x 1 fufu fufu    0 Aug  8 08:22 mingw-w64-libgpr
drwxr-xr-x 1 fufu fufu    0 Aug  8 08:22 mingw-w64-libgridxc
drwxr-xr-x 1 fufu fufu    0 Aug  8 08:22 mingw-w64-libgsf
drwxr-xr-x 1 fufu fufu    0 Aug  8 08:22 mingw-w64-libguess
drwxr-xr-x 1 fufu fufu    0 Aug  8 08:22 mingw-w64-libgusb
drwxr-xr-x 1 fufu fufu    0 Aug  8 08:22 mingw-w64-libgweather
drwxr-xr-x 1 fufu fufu    0 Aug  8 08:22 mingw-w64-libgxps
drwxr-xr-x 1 fufu fufu    0 Aug  8 08:22 mingw-w64-libhandy
drwxr-xr-x 1 fufu fufu    0 Aug  8 08:22 mingw-w64-libharu
drwxr-xr-x 1 fufu fufu    0 Aug  8 08:22 mingw-w64-libhdr10plus-rs
drwxr-xr-x 1 fufu fufu    0 Aug  8 08:22 mingw-w64-libheif
drwxr-xr-x 1 fufu fufu    0 Aug  8 08:22 mingw-w64-libhomfly
drwxr-xr-x 1 fufu fufu    0 Aug  8 08:22 mingw-w64-libical
drwxr-xr-x 1 fufu fufu    0 Aug  8 08:22 mingw-w64-libiconv
drwxr-xr-x 1 fufu fufu    0 Aug  8 08:22 mingw-w64-libicsneo
drwxr-xr-x 1 fufu fufu    0 Aug  8 08:22 mingw-w64-libid3tag
drwxr-xr-x 1 fufu fufu    0 Aug  8 08:22 mingw-w64-libidl2
drwxr-xr-x 1 fufu fufu    0 Aug  8 08:22 mingw-w64-libidn
drwxr-xr-x 1 fufu fufu    0 Aug  8 08:22 mingw-w64-libidn2
drwxr-xr-x 1 fufu fufu    0 Aug  8 08:22 mingw-w64-libieee1284
drwxr-xr-x 1 fufu fufu    0 Aug  8 08:22 mingw-w64-libiff
drwxr-xr-x 1 fufu fufu    0 Aug  8 08:22 mingw-w64-libiio
drwxr-xr-x 1 fufu fufu    0 Aug  8 08:22 mingw-w64-libilbc
drwxr-xr-x 1 fufu fufu    0 Aug  8 08:22 mingw-w64-libilbm
drwxr-xr-x 1 fufu fufu    0 Aug  8 08:22 mingw-w64-libimagequant
drwxr-xr-x 1 fufu fufu    0 Aug  8 08:22 mingw-w64-libimobiledevice
drwxr-xr-x 1 fufu fufu    0 Aug  8 08:22 mingw-w64-libimobiledevice-glue
drwxr-xr-x 1 fufu fufu    0 Aug  8 08:22 mingw-w64-libinih
drwxr-xr-x 1 fufu fufu    0 Aug  8 08:22 mingw-w64-libint2
drwxr-xr-x 1 fufu fufu    0 Aug  8 08:22 mingw-w64-libipt
drwxr-xr-x 1 fufu fufu    0 Aug  8 08:22 mingw-w64-libiptcdata
drwxr-xr-x 1 fufu fufu    0 Aug  8 08:22 mingw-w64-libirecovery
drwxr-xr-x 1 fufu fufu    0 Aug  8 08:22 mingw-w64-libjaylink
drwxr-xr-x 1 fufu fufu    0 Aug  8 08:22 mingw-w64-libjpeg-turbo
drwxr-xr-x 1 fufu fufu    0 Aug  8 08:22 mingw-w64-libjxl
drwxr-xr-x 1 fufu fufu    0 Aug  8 08:22 mingw-w64-libkexiv2
drwxr-xr-x 1 fufu fufu    0 Aug  8 08:22 mingw-w64-libkml
drwxr-xr-x 1 fufu fufu    0 Aug  8 08:22 mingw-w64-libkqueue
drwxr-xr-x 1 fufu fufu    0 Aug  8 08:22 mingw-w64-libksba
drwxr-xr-x 1 fufu fufu    0 Aug  8 08:22 mingw-w64-liblangtag
drwxr-xr-x 1 fufu fufu    0 Aug  8 08:22 mingw-w64-liblas
drwxr-xr-x 1 fufu fufu    0 Aug  8 08:22 mingw-w64-liblastfm
drwxr-xr-x 1 fufu fufu    0 Aug  8 08:22 mingw-w64-liblc3
drwxr-xr-x 1 fufu fufu    0 Aug  8 08:22 mingw-w64-liblcf
drwxr-xr-x 1 fufu fufu    0 Aug  8 08:22 mingw-w64-liblktlang
drwxr-xr-x 1 fufu fufu    0 Aug  8 08:22 mingw-w64-liblo
drwxr-xr-x 1 fufu fufu    0 Aug  8 08:22 mingw-w64-liblqr
drwxr-xr-x 1 fufu fufu    0 Aug  8 08:22 mingw-w64-libluv
drwxr-xr-x 1 fufu fufu    0 Aug  8 08:22 mingw-w64-libmad
drwxr-xr-x 1 fufu fufu    0 Aug  8 08:22 mingw-w64-libmangle
drwxr-xr-x 1 fufu fufu    0 Aug  8 08:22 mingw-w64-libmariadbclient
drwxr-xr-x 1 fufu fufu    0 Aug  8 08:22 mingw-w64-libmatroska
drwxr-xr-x 1 fufu fufu    0 Aug  8 08:22 mingw-w64-libmaxminddb
drwxr-xr-x 1 fufu fufu    0 Aug  8 08:22 mingw-w64-libmbd
drwxr-xr-x 1 fufu fufu    0 Aug  8 08:22 mingw-w64-libmd
drwxr-xr-x 1 fufu fufu    0 Aug  8 08:22 mingw-w64-libmediainfo
drwxr-xr-x 1 fufu fufu    0 Aug  8 08:22 mingw-w64-libmem
drwxr-xr-x 1 fufu fufu    0 Aug  8 08:22 mingw-w64-libmfx
drwxr-xr-x 1 fufu fufu    0 Aug  8 08:22 mingw-w64-libmicrodns
drwxr-xr-x 1 fufu fufu    0 Aug  8 08:22 mingw-w64-libmicrohttpd
drwxr-xr-x 1 fufu fufu    0 Aug  8 08:22 mingw-w64-libmikmod
drwxr-xr-x 1 fufu fufu    0 Aug  8 08:22 mingw-w64-libmimic
drwxr-xr-x 1 fufu fufu    0 Aug  8 08:22 mingw-w64-libminpack
drwxr-xr-x 1 fufu fufu    0 Aug  8 08:22 mingw-w64-libmng
drwxr-xr-x 1 fufu fufu    0 Aug  8 08:22 mingw-w64-libmodbus
drwxr-xr-x 1 fufu fufu    0 Aug  8 08:22 mingw-w64-libmodplug
drwxr-xr-x 1 fufu fufu    0 Aug  8 08:22 mingw-w64-libmongocrypt
drwxr-xr-x 1 fufu fufu    0 Aug  8 08:22 mingw-w64-libmongoose
drwxr-xr-x 1 fufu fufu    0 Aug  8 08:22 mingw-w64-libmowgli
drwxr-xr-x 1 fufu fufu    0 Aug  8 08:22 mingw-w64-libmpack
drwxr-xr-x 1 fufu fufu    0 Aug  8 08:22 mingw-w64-libmpcdec
drwxr-xr-x 1 fufu fufu    0 Aug  8 08:22 mingw-w64-libmpeg2
drwxr-xr-x 1 fufu fufu    0 Aug  8 08:22 mingw-w64-libmspack
drwxr-xr-x 1 fufu fufu    0 Aug  8 08:22 mingw-w64-libmspub
drwxr-xr-x 1 fufu fufu    0 Aug  8 08:22 mingw-w64-libmsym
drwxr-xr-x 1 fufu fufu    0 Aug  8 08:22 mingw-w64-libmwaw
drwxr-xr-x 1 fufu fufu    0 Aug  8 08:22 mingw-w64-libmypaint
drwxr-xr-x 1 fufu fufu    0 Aug  8 08:22 mingw-w64-libmysofa
drwxr-xr-x 1 fufu fufu    0 Aug  8 08:22 mingw-w64-libnatpmp
drwxr-xr-x 1 fufu fufu    0 Aug  8 08:22 mingw-w64-libnegf
drwxr-xr-x 1 fufu fufu    0 Aug  8 08:22 mingw-w64-libnfs
drwxr-xr-x 1 fufu fufu    0 Aug  8 08:22 mingw-w64-libnice
drwxr-xr-x 1 fufu fufu    0 Aug  8 08:22 mingw-w64-libnotify
drwxr-xr-x 1 fufu fufu    0 Aug  8 08:22 mingw-w64-libnova
drwxr-xr-x 1 fufu fufu    0 Aug  8 08:22 mingw-w64-libnpupnp
drwxr-xr-x 1 fufu fufu    0 Aug  8 08:22 mingw-w64-libntlm
drwxr-xr-x 1 fufu fufu    0 Aug  8 08:22 mingw-w64-libnumbertext
drwxr-xr-x 1 fufu fufu    0 Aug  8 08:22 mingw-w64-liboauth
drwxr-xr-x 1 fufu fufu    0 Aug  8 08:22 mingw-w64-libobjc2
drwxr-xr-x 1 fufu fufu    0 Aug  8 08:22 mingw-w64-libodfgen
drwxr-xr-x 1 fufu fufu    0 Aug  8 08:22 mingw-w64-libogg
drwxr-xr-x 1 fufu fufu    0 Aug  8 08:22 mingw-w64-libomemo-c
drwxr-xr-x 1 fufu fufu    0 Aug  8 08:22 mingw-w64-libopenmpt
drwxr-xr-x 1 fufu fufu    0 Aug  8 08:22 mingw-w64-libopenmpt-modplug
drwxr-xr-x 1 fufu fufu    0 Aug  8 08:22 mingw-w64-libopusenc
drwxr-xr-x 1 fufu fufu    0 Aug  8 08:22 mingw-w64-liboqs
drwxr-xr-x 1 fufu fufu    0 Aug  8 08:22 mingw-w64-liborigin
drwxr-xr-x 1 fufu fufu    0 Aug  8 08:22 mingw-w64-libosmpbf
drwxr-xr-x 1 fufu fufu    0 Aug  8 08:22 mingw-w64-libosmscout
drwxr-xr-x 1 fufu fufu    0 Aug  8 08:22 mingw-w64-libotr
drwxr-xr-x 1 fufu fufu    0 Aug  8 08:22 mingw-w64-libp11
drwxr-xr-x 1 fufu fufu    0 Aug  8 08:22 mingw-w64-libpagemaker
drwxr-xr-x 1 fufu fufu    0 Aug  8 08:22 mingw-w64-libpanel
drwxr-xr-x 1 fufu fufu    0 Aug  8 08:22 mingw-w64-libpaper
drwxr-xr-x 1 fufu fufu    0 Aug  8 08:22 mingw-w64-libpcap
drwxr-xr-x 1 fufu fufu    0 Aug  8 08:22 mingw-w64-libpeas
drwxr-xr-x 1 fufu fufu    0 Aug  8 08:22 mingw-w64-libpeas2
drwxr-xr-x 1 fufu fufu    0 Aug  8 08:22 mingw-w64-libplacebo
drwxr-xr-x 1 fufu fufu    0 Aug  8 08:22 mingw-w64-libplacebo-demos
drwxr-xr-x 1 fufu fufu    0 Aug  8 08:22 mingw-w64-libplist
drwxr-xr-x 1 fufu fufu    0 Aug  8 08:22 mingw-w64-libpng
drwxr-xr-x 1 fufu fufu    0 Aug  8 08:22 mingw-w64-libpqxx
drwxr-xr-x 1 fufu fufu    0 Aug  8 08:22 mingw-w64-libpreferencepanes
drwxr-xr-x 1 fufu fufu    0 Aug  8 08:22 mingw-w64-libprojectm
drwxr-xr-x 1 fufu fufu    0 Aug  8 08:22 mingw-w64-libproxy
drwxr-xr-x 1 fufu fufu    0 Aug  8 08:22 mingw-w64-libpsl
drwxr-xr-x 1 fufu fufu    0 Aug  8 08:22 mingw-w64-libpsml
drwxr-xr-x 1 fufu fufu    0 Aug  8 08:22 mingw-w64-libpst
drwxr-xr-x 1 fufu fufu    0 Aug  8 08:22 mingw-w64-libqalculate
drwxr-xr-x 1 fufu fufu    0 Aug  8 08:22 mingw-w64-libqxp
drwxr-xr-x 1 fufu fufu    0 Aug  8 08:22 mingw-w64-libraqm
drwxr-xr-x 1 fufu fufu    0 Aug  8 08:22 mingw-w64-librasterlite2
drwxr-xr-x 1 fufu fufu    0 Aug  8 08:22 mingw-w64-libraw
drwxr-xr-x 1 fufu fufu    0 Aug  8 08:22 mingw-w64-librdata
drwxr-xr-x 1 fufu fufu    0 Aug  8 08:22 mingw-w64-librdkafka
drwxr-xr-x 1 fufu fufu    0 Aug  8 08:22 mingw-w64-libreplaygain
drwxr-xr-x 1 fufu fufu    0 Aug  8 08:22 mingw-w64-libresidfp
drwxr-xr-x 1 fufu fufu    0 Aug  8 08:22 mingw-w64-libresprite
drwxr-xr-x 1 fufu fufu    0 Aug  8 08:22 mingw-w64-libressl
drwxr-xr-x 1 fufu fufu    0 Aug  8 08:22 mingw-w64-librest
drwxr-xr-x 1 fufu fufu    0 Aug  8 08:22 mingw-w64-librevenge
drwxr-xr-x 1 fufu fufu    0 Aug  8 08:22 mingw-w64-librime
drwxr-xr-x 1 fufu fufu    0 Aug  8 08:22 mingw-w64-librist
drwxr-xr-x 1 fufu fufu    0 Aug  8 08:22 mingw-w64-librsvg
drwxr-xr-x 1 fufu fufu    0 Aug  8 08:22 mingw-w64-librsync
drwxr-xr-x 1 fufu fufu    0 Aug  8 08:22 mingw-w64-librttopo
drwxr-xr-x 1 fufu fufu    0 Aug  8 08:22 mingw-w64-libsamplerate
drwxr-xr-x 1 fufu fufu    0 Aug  8 08:22 mingw-w64-libsass
drwxr-xr-x 1 fufu fufu    0 Aug  8 08:22 mingw-w64-libsbml
drwxr-xr-x 1 fufu fufu    0 Aug  8 08:22 mingw-w64-libsbsms
drwxr-xr-x 1 fufu fufu    0 Aug  8 08:22 mingw-w64-libsecret
drwxr-xr-x 1 fufu fufu    0 Aug  8 08:22 mingw-w64-libserdes
drwxr-xr-x 1 fufu fufu    0 Aug  8 08:22 mingw-w64-libserialport
drwxr-xr-x 1 fufu fufu    0 Aug  8 08:22 mingw-w64-libshout
drwxr-xr-x 1 fufu fufu    0 Aug  8 08:22 mingw-w64-libshumate
drwxr-xr-x 1 fufu fufu    0 Aug  8 08:22 mingw-w64-libsidplayfp
drwxr-xr-x 1 fufu fufu    0 Aug  8 08:22 mingw-w64-libsigc++
drwxr-xr-x 1 fufu fufu    0 Aug  8 08:22 mingw-w64-libsigc++-3.0
drwxr-xr-x 1 fufu fufu    0 Aug  8 08:22 mingw-w64-libsignal-protocol-c
drwxr-xr-x 1 fufu fufu    0 Aug  8 08:22 mingw-w64-libsigsegv
drwxr-xr-x 1 fufu fufu    0 Aug  8 08:22 mingw-w64-libslirp
drwxr-xr-x 1 fufu fufu    0 Aug  8 08:22 mingw-w64-libsmi
drwxr-xr-x 1 fufu fufu    0 Aug  8 08:22 mingw-w64-libsndfile
drwxr-xr-x 1 fufu fufu    0 Aug  8 08:22 mingw-w64-libsodium
drwxr-xr-x 1 fufu fufu    0 Aug  8 08:22 mingw-w64-libsoundio
drwxr-xr-x 1 fufu fufu    0 Aug  8 08:22 mingw-w64-libsoup3
drwxr-xr-x 1 fufu fufu    0 Aug  8 08:22 mingw-w64-libsoxr
drwxr-xr-x 1 fufu fufu    0 Aug  8 08:22 mingw-w64-libspatialaudio
drwxr-xr-x 1 fufu fufu    0 Aug  8 08:22 mingw-w64-libspatialite
drwxr-xr-x 1 fufu fufu    0 Aug  8 08:22 mingw-w64-libspectre
drwxr-xr-x 1 fufu fufu    0 Aug  8 08:22 mingw-w64-libspelling
drwxr-xr-x 1 fufu fufu    0 Aug  8 08:22 mingw-w64-libspiro
drwxr-xr-x 1 fufu fufu    0 Aug  8 08:22 mingw-w64-libspng
drwxr-xr-x 1 fufu fufu    0 Aug  8 08:22 mingw-w64-libsquish
drwxr-xr-x 1 fufu fufu    0 Aug  8 08:22 mingw-w64-libsrtp
drwxr-xr-x 1 fufu fufu    0 Aug  8 08:22 mingw-w64-libssh
drwxr-xr-x 1 fufu fufu    0 Aug  8 08:22 mingw-w64-libssh2
drwxr-xr-x 1 fufu fufu    0 Aug  8 08:22 mingw-w64-libstaroffice
drwxr-xr-x 1 fufu fufu    0 Aug  8 08:22 mingw-w64-libsystre
drwxr-xr-x 1 fufu fufu    0 Aug  8 08:22 mingw-w64-libtasn1
drwxr-xr-x 1 fufu fufu    0 Aug  8 08:22 mingw-w64-libtermkey
drwxr-xr-x 1 fufu fufu    0 Aug  8 08:22 mingw-w64-libthai
drwxr-xr-x 1 fufu fufu    0 Aug  8 08:22 mingw-w64-libtheora
drwxr-xr-x 1 fufu fufu    0 Aug  8 08:22 mingw-w64-libtiff
drwxr-xr-x 1 fufu fufu    0 Aug  8 08:22 mingw-w64-libtimidity
drwxr-xr-x 1 fufu fufu    0 Aug  8 08:22 mingw-w64-libtomcrypt
drwxr-xr-x 1 fufu fufu    0 Aug  8 08:22 mingw-w64-libtommath
drwxr-xr-x 1 fufu fufu    0 Aug  8 08:22 mingw-w64-libtool
drwxr-xr-x 1 fufu fufu    0 Aug  8 08:22 mingw-w64-libtorrent-rasterbar
drwxr-xr-x 1 fufu fufu    0 Aug  8 08:22 mingw-w64-libtre
drwxr-xr-x 1 fufu fufu    0 Aug  8 08:22 mingw-w64-libu2f-emu
drwxr-xr-x 1 fufu fufu    0 Aug  8 08:22 mingw-w64-libuhd
drwxr-xr-x 1 fufu fufu    0 Aug  8 08:22 mingw-w64-libultrahdr
drwxr-xr-x 1 fufu fufu    0 Aug  8 08:22 mingw-w64-libunibreak
drwxr-xr-x 1 fufu fufu    0 Aug  8 08:22 mingw-w64-libunifex
drwxr-xr-x 1 fufu fufu    0 Aug  8 08:22 mingw-w64-libuninameslist
drwxr-xr-x 1 fufu fufu    0 Aug  8 08:22 mingw-w64-libunistring
drwxr-xr-x 1 fufu fufu    0 Aug  8 08:22 mingw-w64-libusb
drwxr-xr-x 1 fufu fufu    0 Aug  8 08:22 mingw-w64-libusb-compat
drwxr-xr-x 1 fufu fufu    0 Aug  8 08:22 mingw-w64-libusb-win32
drwxr-xr-x 1 fufu fufu    0 Aug  8 08:22 mingw-w64-libusbmuxd
drwxr-xr-x 1 fufu fufu    0 Aug  8 08:22 mingw-w64-libutf8proc
drwxr-xr-x 1 fufu fufu    0 Aug  8 08:22 mingw-w64-libutp
drwxr-xr-x 1 fufu fufu    0 Aug  8 08:22 mingw-w64-libuv
drwxr-xr-x 1 fufu fufu    0 Aug  8 08:22 mingw-w64-libva
drwxr-xr-x 1 fufu fufu    0 Aug  8 08:22 mingw-w64-libva-utils
drwxr-xr-x 1 fufu fufu    0 Aug  8 08:22 mingw-w64-libvips
drwxr-xr-x 1 fufu fufu    0 Aug  8 08:22 mingw-w64-libvirt
drwxr-xr-x 1 fufu fufu    0 Aug  8 08:22 mingw-w64-libvirt-glib
drwxr-xr-x 1 fufu fufu    0 Aug  8 08:22 mingw-w64-libvisio
drwxr-xr-x 1 fufu fufu    0 Aug  8 08:22 mingw-w64-libvmime
drwxr-xr-x 1 fufu fufu    0 Aug  8 08:22 mingw-w64-libvncserver
drwxr-xr-x 1 fufu fufu    0 Aug  8 08:22 mingw-w64-libvoikko
drwxr-xr-x 1 fufu fufu    0 Aug  8 08:22 mingw-w64-libvorbis
drwxr-xr-x 1 fufu fufu    0 Aug  8 08:22 mingw-w64-libvpl
drwxr-xr-x 1 fufu fufu    0 Aug  8 08:22 mingw-w64-libvpx
drwxr-xr-x 1 fufu fufu    0 Aug  8 08:22 mingw-w64-libvterm
drwxr-xr-x 1 fufu fufu    0 Aug  8 08:22 mingw-w64-libwebm
drwxr-xr-x 1 fufu fufu    0 Aug  8 08:22 mingw-w64-libwebp
drwxr-xr-x 1 fufu fufu    0 Aug  8 08:22 mingw-w64-libwebsockets
drwxr-xr-x 1 fufu fufu    0 Aug  8 08:22 mingw-w64-libwmf
drwxr-xr-x 1 fufu fufu    0 Aug  8 08:22 mingw-w64-libwpd
drwxr-xr-x 1 fufu fufu    0 Aug  8 08:22 mingw-w64-libwpg
drwxr-xr-x 1 fufu fufu    0 Aug  8 08:22 mingw-w64-libwps
drwxr-xr-x 1 fufu fufu    0 Aug  8 08:22 mingw-w64-libxc
drwxr-xr-x 1 fufu fufu    0 Aug  8 08:22 mingw-w64-libxisf
drwxr-xr-x 1 fufu fufu    0 Aug  8 08:22 mingw-w64-libxlsxwriter
drwxr-xr-x 1 fufu fufu    0 Aug  8 08:22 mingw-w64-libxml++
drwxr-xr-x 1 fufu fufu    0 Aug  8 08:22 mingw-w64-libxml++2.6
drwxr-xr-x 1 fufu fufu    0 Aug  8 08:22 mingw-w64-libxml++5.0
drwxr-xr-x 1 fufu fufu    0 Aug  8 08:22 mingw-w64-libxml2
drwxr-xr-x 1 fufu fufu    0 Aug  8 08:22 mingw-w64-libxmlb
drwxr-xr-x 1 fufu fufu    0 Aug  8 08:22 mingw-w64-libxmp
drwxr-xr-x 1 fufu fufu    0 Aug  8 08:22 mingw-w64-libxs
drwxr-xr-x 1 fufu fufu    0 Aug  8 08:22 mingw-w64-libxslt
drwxr-xr-x 1 fufu fufu    0 Aug  8 08:22 mingw-w64-libxsmm
drwxr-xr-x 1 fufu fufu    0 Aug  8 08:22 mingw-w64-libyaml
drwxr-xr-x 1 fufu fufu    0 Aug  8 08:22 mingw-w64-libyuv
drwxr-xr-x 1 fufu fufu    0 Aug  8 08:22 mingw-w64-libzen
drwxr-xr-x 1 fufu fufu    0 Aug  8 08:22 mingw-w64-libzip
drwxr-xr-x 1 fufu fufu    0 Aug  8 08:22 mingw-w64-libzmf
drwxr-xr-x 1 fufu fufu    0 Aug  8 08:22 mingw-w64-lilv
drwxr-xr-x 1 fufu fufu    0 Aug  8 08:22 mingw-w64-lis
drwxr-xr-x 1 fufu fufu    0 Aug  8 08:22 mingw-w64-lite-xl
drwxr-xr-x 1 fufu fufu    0 Aug  8 08:22 mingw-w64-litehtml
drwxr-xr-x 1 fufu fufu    0 Aug  8 08:22 mingw-w64-live-chart
drwxr-xr-x 1 fufu fufu    0 Aug  8 08:22 mingw-w64-live-media
drwxr-xr-x 1 fufu fufu    0 Aug  8 08:22 mingw-w64-live-photo-conv
drwxr-xr-x 1 fufu fufu    0 Aug  8 08:22 mingw-w64-livechart-gtk3
drwxr-xr-x 1 fufu fufu    0 Aug  8 08:22 mingw-w64-llama.cpp
drwxr-xr-x 1 fufu fufu    0 Aug  8 08:22 mingw-w64-llama.qtcreator
drwxr-xr-x 1 fufu fufu    0 Aug  8 08:22 mingw-w64-lldb
drwxr-xr-x 1 fufu fufu    0 Aug  8 08:22 mingw-w64-lldb-mi
drwxr-xr-x 1 fufu fufu    0 Aug  8 08:22 mingw-w64-llvm
drwxr-xr-x 1 fufu fufu    0 Aug  8 08:22 mingw-w64-llvm-openmp
drwxr-xr-x 1 fufu fufu    0 Aug  8 08:22 mingw-w64-lmdb
drwxr-xr-x 1 fufu fufu    0 Aug  8 08:22 mingw-w64-lmdbxx
drwxr-xr-x 1 fufu fufu    0 Aug  8 08:22 mingw-w64-log4cpp
drwxr-xr-x 1 fufu fufu    0 Aug  8 08:22 mingw-w64-log4cxx
drwxr-xr-x 1 fufu fufu    0 Aug  8 08:22 mingw-w64-lokalize
drwxr-xr-x 1 fufu fufu    0 Aug  8 08:22 mingw-w64-lpsolve
drwxr-xr-x 1 fufu fufu    0 Aug  8 08:22 mingw-w64-lrcalc
drwxr-xr-x 1 fufu fufu    0 Aug  8 08:22 mingw-w64-lrdf
drwxr-xr-x 1 fufu fufu    0 Aug  8 08:22 mingw-w64-lsd
drwxr-xr-x 1 fufu fufu    0 Aug  8 08:22 mingw-w64-lsp-dsp-lib
drwxr-xr-x 1 fufu fufu    0 Aug  8 08:22 mingw-w64-lua
drwxr-xr-x 1 fufu fufu    0 Aug  8 08:22 mingw-w64-lua-bitop
drwxr-xr-x 1 fufu fufu    0 Aug  8 08:22 mingw-w64-lua-cjson
drwxr-xr-x 1 fufu fufu    0 Aug  8 08:22 mingw-w64-lua-lgi
drwxr-xr-x 1 fufu fufu    0 Aug  8 08:22 mingw-w64-lua-lpeg
drwxr-xr-x 1 fufu fufu    0 Aug  8 08:22 mingw-w64-lua-lsqlite3
drwxr-xr-x 1 fufu fufu    0 Aug  8 08:22 mingw-w64-lua-luarocks
drwxr-xr-x 1 fufu fufu    0 Aug  8 08:22 mingw-w64-lua-mpack
drwxr-xr-x 1 fufu fufu    0 Aug  8 08:22 mingw-w64-lua-winapi
drwxr-xr-x 1 fufu fufu    0 Aug  8 08:22 mingw-w64-lua51
drwxr-xr-x 1 fufu fufu    0 Aug  8 08:22 mingw-w64-lua53
drwxr-xr-x 1 fufu fufu    0 Aug  8 08:22 mingw-w64-lua54
drwxr-xr-x 1 fufu fufu    0 Aug  8 08:22 mingw-w64-luafilesystem
drwxr-xr-x 1 fufu fufu    0 Aug  8 08:22 mingw-w64-luajit
drwxr-xr-x 1 fufu fufu    0 Aug  8 08:22 mingw-w64-luanti
drwxr-xr-x 1 fufu fufu    0 Aug  8 08:22 mingw-w64-lv2
drwxr-xr-x 1 fufu fufu    0 Aug  8 08:22 mingw-w64-lz4
drwxr-xr-x 1 fufu fufu    0 Aug  8 08:22 mingw-w64-lzo2
drwxr-xr-x 1 fufu fufu    0 Aug  8 08:22 mingw-w64-m4ri
drwxr-xr-x 1 fufu fufu    0 Aug  8 08:22 mingw-w64-m4rie
drwxr-xr-x 1 fufu fufu    0 Aug  8 08:22 mingw-w64-m68k-apple-macos-binutils
drwxr-xr-x 1 fufu fufu    0 Aug  8 08:22 mingw-w64-maeparser
drwxr-xr-x 1 fufu fufu    0 Aug  8 08:22 mingw-w64-magnum
drwxr-xr-x 1 fufu fufu    0 Aug  8 08:22 mingw-w64-magnum-integration
drwxr-xr-x 1 fufu fufu    0 Aug  8 08:22 mingw-w64-magnum-plugins
drwxr-xr-x 1 fufu fufu    0 Aug  8 08:22 mingw-w64-make
drwxr-xr-x 1 fufu fufu    0 Aug  8 08:22 mingw-w64-manifold
drwxr-xr-x 1 fufu fufu    0 Aug  8 08:22 mingw-w64-manim
drwxr-xr-x 1 fufu fufu    0 Aug  8 08:22 mingw-w64-mapbox-earcut
drwxr-xr-x 1 fufu fufu    0 Aug  8 08:22 mingw-w64-mapserver
drwxr-xr-x 1 fufu fufu    0 Aug  8 08:22 mingw-w64-mariadb-clients
drwxr-xr-x 1 fufu fufu    0 Aug  8 08:22 mingw-w64-marisa
drwxr-xr-x 1 fufu fufu    0 Aug  8 08:22 mingw-w64-markdown
drwxr-xr-x 1 fufu fufu    0 Aug  8 08:22 mingw-w64-markdown-oxide
drwxr-xr-x 1 fufu fufu    0 Aug  8 08:22 mingw-w64-mathgl
drwxr-xr-x 1 fufu fufu    0 Aug  8 08:22 mingw-w64-mathjax2
drwxr-xr-x 1 fufu fufu    0 Aug  8 08:22 mingw-w64-matio
drwxr-xr-x 1 fufu fufu    0 Aug  8 08:22 mingw-w64-maturin
drwxr-xr-x 1 fufu fufu    0 Aug  8 08:22 mingw-w64-maxflow
drwxr-xr-x 1 fufu fufu    0 Aug  8 08:22 mingw-w64-mbedtls
drwxr-xr-x 1 fufu fufu    0 Aug  8 08:22 mingw-w64-mcfgthread
drwxr-xr-x 1 fufu fufu    0 Aug  8 08:22 mingw-w64-mcpp
drwxr-xr-x 1 fufu fufu    0 Aug  8 08:22 mingw-w64-mcqd
drwxr-xr-x 1 fufu fufu    0 Aug  8 08:22 mingw-w64-mctc-lib
drwxr-xr-x 1 fufu fufu    0 Aug  8 08:22 mingw-w64-md4c
drwxr-xr-x 1 fufu fufu    0 Aug  8 08:22 mingw-w64-mdbook
drwxr-xr-x 1 fufu fufu    0 Aug  8 08:22 mingw-w64-mdbook-admonish
drwxr-xr-x 1 fufu fufu    0 Aug  8 08:22 mingw-w64-mdbook-mermaid
drwxr-xr-x 1 fufu fufu    0 Aug  8 08:22 mingw-w64-mdbook-pikchr
drwxr-xr-x 1 fufu fufu    0 Aug  8 08:22 mingw-w64-mdcat
drwxr-xr-x 1 fufu fufu    0 Aug  8 08:22 mingw-w64-mdds
drwxr-xr-x 1 fufu fufu    0 Aug  8 08:22 mingw-w64-mdloader
drwxr-xr-x 1 fufu fufu    0 Aug  8 08:22 mingw-w64-meanwhile
drwxr-xr-x 1 fufu fufu    0 Aug  8 08:22 mingw-w64-mecab
drwxr-xr-x 1 fufu fufu    0 Aug  8 08:22 mingw-w64-mecab-naist-jdic
drwxr-xr-x 1 fufu fufu    0 Aug  8 08:22 mingw-w64-med
drwxr-xr-x 1 fufu fufu    0 Aug  8 08:22 mingw-w64-mediainfo
drwxr-xr-x 1 fufu fufu    0 Aug  8 08:22 mingw-w64-meilisearch
drwxr-xr-x 1 fufu fufu    0 Aug  8 08:22 mingw-w64-meld3
drwxr-xr-x 1 fufu fufu    0 Aug  8 08:22 mingw-w64-mesa
drwxr-xr-x 1 fufu fufu    0 Aug  8 08:22 mingw-w64-meshoptimizer
drwxr-xr-x 1 fufu fufu    0 Aug  8 08:22 mingw-w64-meson
drwxr-xr-x 1 fufu fufu    0 Aug  8 08:22 mingw-w64-meson-python
drwxr-xr-x 1 fufu fufu    0 Aug  8 08:22 mingw-w64-mesonlsp
drwxr-xr-x 1 fufu fufu    0 Aug  8 08:22 mingw-w64-metis
drwxr-xr-x 1 fufu fufu    0 Aug  8 08:22 mingw-w64-mfem
drwxr-xr-x 1 fufu fufu    0 Aug  8 08:22 mingw-w64-mgba
drwxr-xr-x 1 fufu fufu    0 Aug  8 08:22 mingw-w64-mhook
drwxr-xr-x 1 fufu fufu    0 Aug  8 08:22 mingw-w64-micro
drwxr-xr-x 1 fufu fufu    0 Aug  8 08:22 mingw-w64-microsoft-gsl
drwxr-xr-x 1 fufu fufu    0 Aug  8 08:22 mingw-w64-mimalloc
drwxr-xr-x 1 fufu fufu    0 Aug  8 08:22 mingw-w64-miniaudio
drwxr-xr-x 1 fufu fufu    0 Aug  8 08:22 mingw-w64-minidump-stackwalk
drwxr-xr-x 1 fufu fufu    0 Aug  8 08:22 mingw-w64-minio
drwxr-xr-x 1 fufu fufu    0 Aug  8 08:22 mingw-w64-minio-client
drwxr-xr-x 1 fufu fufu    0 Aug  8 08:22 mingw-w64-minio-docs
drwxr-xr-x 1 fufu fufu    0 Aug  8 08:22 mingw-w64-miniserve
drwxr-xr-x 1 fufu fufu    0 Aug  8 08:22 mingw-w64-minisign
drwxr-xr-x 1 fufu fufu    0 Aug  8 08:22 mingw-w64-miniupnpc
drwxr-xr-x 1 fufu fufu    0 Aug  8 08:22 mingw-w64-minizip-ng
drwxr-xr-x 1 fufu fufu    0 Aug  8 08:22 mingw-w64-mkvtoolnix
drwxr-xr-x 1 fufu fufu    0 Aug  8 08:22 mingw-w64-mlir
drwxr-xr-x 1 fufu fufu    0 Aug  8 08:22 mingw-w64-mlpack
drwxr-xr-x 1 fufu fufu    0 Aug  8 08:22 mingw-w64-mlt
drwxr-xr-x 1 fufu fufu    0 Aug  8 08:22 mingw-w64-mman-win32
drwxr-xr-x 1 fufu fufu    0 Aug  8 08:22 mingw-w64-mmtf-cpp
drwxr-xr-x 1 fufu fufu    0 Aug  8 08:22 mingw-w64-moab
drwxr-xr-x 1 fufu fufu    0 Aug  8 08:22 mingw-w64-mold
drwxr-xr-x 1 fufu fufu    0 Aug  8 08:22 mingw-w64-molequeue
drwxr-xr-x 1 fufu fufu    0 Aug  8 08:22 mingw-w64-mongo-c-driver
drwxr-xr-x 1 fufu fufu    0 Aug  8 08:22 mingw-w64-mono
drwxr-xr-x 1 fufu fufu    0 Aug  8 08:22 mingw-w64-mono-basic
drwxr-xr-x 1 fufu fufu    0 Aug  8 08:22 mingw-w64-moor
drwxr-xr-x 1 fufu fufu    0 Aug  8 08:22 mingw-w64-mopac
drwxr-xr-x 1 fufu fufu    0 Aug  8 08:22 mingw-w64-mosquitto
drwxr-xr-x 1 fufu fufu    0 Aug  8 08:22 mingw-w64-mpc
drwxr-xr-x 1 fufu fufu    0 Aug  8 08:22 mingw-w64-mpdecimal
drwxr-xr-x 1 fufu fufu    0 Aug  8 08:22 mingw-w64-mpfi
drwxr-xr-x 1 fufu fufu    0 Aug  8 08:22 mingw-w64-mpfr
drwxr-xr-x 1 fufu fufu    0 Aug  8 08:22 mingw-w64-mpg123
drwxr-xr-x 1 fufu fufu    0 Aug  8 08:22 mingw-w64-mpv
drwxr-xr-x 1 fufu fufu    0 Aug  8 08:22 mingw-w64-mruby
drwxr-xr-x 1 fufu fufu    0 Aug  8 08:22 mingw-w64-mscgen
drwxr-xr-x 1 fufu fufu    0 Aug  8 08:22 mingw-w64-msgpack-c
drwxr-xr-x 1 fufu fufu    0 Aug  8 08:22 mingw-w64-msgpack-cxx
drwxr-xr-x 1 fufu fufu    0 Aug  8 08:22 mingw-w64-msitools
drwxr-xr-x 1 fufu fufu    0 Aug  8 08:22 mingw-w64-msmpi
drwxr-xr-x 1 fufu fufu    0 Aug  8 08:22 mingw-w64-msmtp
drwxr-xr-x 1 fufu fufu    0 Aug  8 08:22 mingw-w64-msolve
drwxr-xr-x 1 fufu fufu    0 Aug  8 08:22 mingw-w64-mstore
drwxr-xr-x 1 fufu fufu    0 Aug  8 08:22 mingw-w64-mtex2MML
drwxr-xr-x 1 fufu fufu    0 Aug  8 08:22 mingw-w64-mtn
drwxr-xr-x 1 fufu fufu    0 Aug  8 08:22 mingw-w64-mtools
drwxr-xr-x 1 fufu fufu    0 Aug  8 08:22 mingw-w64-mujs
drwxr-xr-x 1 fufu fufu    0 Aug  8 08:22 mingw-w64-multicharge
drwxr-xr-x 1 fufu fufu    0 Aug  8 08:22 mingw-w64-mumps
drwxr-xr-x 1 fufu fufu    0 Aug  8 08:22 mingw-w64-munt
drwxr-xr-x 1 fufu fufu    0 Aug  8 08:22 mingw-w64-munt-mt32emu
drwxr-xr-x 1 fufu fufu    0 Aug  8 08:22 mingw-w64-muon
drwxr-xr-x 1 fufu fufu    0 Aug  8 08:22 mingw-w64-muparser
drwxr-xr-x 1 fufu fufu    0 Aug  8 08:22 mingw-w64-mupdf
drwxr-xr-x 1 fufu fufu    0 Aug  8 08:22 mingw-w64-mxml
drwxr-xr-x 1 fufu fufu    0 Aug  8 08:22 mingw-w64-mypaint
drwxr-xr-x 1 fufu fufu    0 Aug  8 08:22 mingw-w64-mypaint-brushes
drwxr-xr-x 1 fufu fufu    0 Aug  8 08:22 mingw-w64-mypaint-brushes2
drwxr-xr-x 1 fufu fufu    0 Aug  8 08:22 mingw-w64-mypy
drwxr-xr-x 1 fufu fufu    0 Aug  8 08:22 mingw-w64-mythes
drwxr-xr-x 1 fufu fufu    0 Aug  8 08:22 mingw-w64-nana
drwxr-xr-x 1 fufu fufu    0 Aug  8 08:22 mingw-w64-nanoarrow
drwxr-xr-x 1 fufu fufu    0 Aug  8 08:22 mingw-w64-nanobind
drwxr-xr-x 1 fufu fufu    0 Aug  8 08:22 mingw-w64-nanodbc
drwxr-xr-x 1 fufu fufu    0 Aug  8 08:22 mingw-w64-nanogui
drwxr-xr-x 1 fufu fufu    0 Aug  8 08:22 mingw-w64-nanovg
drwxr-xr-x 1 fufu fufu    0 Aug  8 08:22 mingw-w64-nasm
drwxr-xr-x 1 fufu fufu    0 Aug  8 08:22 mingw-w64-nativefiledialog-extended
drwxr-xr-x 1 fufu fufu    0 Aug  8 08:22 mingw-w64-nauty
drwxr-xr-x 1 fufu fufu    0 Aug  8 08:22 mingw-w64-ncurses
drwxr-xr-x 1 fufu fufu    0 Aug  8 08:22 mingw-w64-neocmakelsp
drwxr-xr-x 1 fufu fufu    0 Aug  8 08:22 mingw-w64-neon
drwxr-xr-x 1 fufu fufu    0 Aug  8 08:22 mingw-w64-neovim
drwxr-xr-x 1 fufu fufu    0 Aug  8 08:22 mingw-w64-neovim-qt
drwxr-xr-x 1 fufu fufu    0 Aug  8 08:22 mingw-w64-nerd-fonts
drwxr-xr-x 1 fufu fufu    0 Aug  8 08:22 mingw-w64-netcdf
drwxr-xr-x 1 fufu fufu    0 Aug  8 08:22 mingw-w64-netcdf-cxx
drwxr-xr-x 1 fufu fufu    0 Aug  8 08:22 mingw-w64-netcdf-fortran
drwxr-xr-x 1 fufu fufu    0 Aug  8 08:22 mingw-w64-nettle
drwxr-xr-x 1 fufu fufu    0 Aug  8 08:22 mingw-w64-nettle3
drwxr-xr-x 1 fufu fufu    0 Aug  8 08:22 mingw-w64-newton-dynamics
drwxr-xr-x 1 fufu fufu    0 Aug  8 08:22 mingw-w64-nextpnr
drwxr-xr-x 1 fufu fufu    0 Aug  8 08:22 mingw-w64-nfft
drwxr-xr-x 1 fufu fufu    0 Aug  8 08:22 mingw-w64-ng-log
drwxr-xr-x 1 fufu fufu    0 Aug  8 08:22 mingw-w64-nghttp2
drwxr-xr-x 1 fufu fufu    0 Aug  8 08:22 mingw-w64-nghttp3
drwxr-xr-x 1 fufu fufu    0 Aug  8 08:22 mingw-w64-ngraph-gtk
drwxr-xr-x 1 fufu fufu    0 Aug  8 08:22 mingw-w64-ngspice
drwxr-xr-x 1 fufu fufu    0 Aug  8 08:22 mingw-w64-ngtcp2
drwxr-xr-x 1 fufu fufu    0 Aug  8 08:22 mingw-w64-nicotine+
drwxr-xr-x 1 fufu fufu    0 Aug  8 08:22 mingw-w64-nim
drwxr-xr-x 1 fufu fufu    0 Aug  8 08:22 mingw-w64-nimble
drwxr-xr-x 1 fufu fufu    0 Aug  8 08:22 mingw-w64-ninja
drwxr-xr-x 1 fufu fufu    0 Aug  8 08:22 mingw-w64-nlohmann-json
drwxr-xr-x 1 fufu fufu    0 Aug  8 08:22 mingw-w64-nlopt
drwxr-xr-x 1 fufu fufu    0 Aug  8 08:22 mingw-w64-nme
drwxr-xr-x 1 fufu fufu    0 Aug  8 08:22 mingw-w64-nng
drwxr-xr-x 1 fufu fufu    0 Aug  8 08:22 mingw-w64-nodeeditor
drwxr-xr-x 1 fufu fufu    0 Aug  8 08:22 mingw-w64-nodejs
drwxr-xr-x 1 fufu fufu    0 Aug  8 08:22 mingw-w64-nodejs-neovim
drwxr-xr-x 1 fufu fufu    0 Aug  8 08:22 mingw-w64-nodejs-webpack-cli
drwxr-xr-x 1 fufu fufu    0 Aug  8 08:22 mingw-w64-notcurses
drwxr-xr-x 1 fufu fufu    0 Aug  8 08:22 mingw-w64-notepad++
drwxr-xr-x 1 fufu fufu    0 Aug  8 08:22 mingw-w64-npth
drwxr-xr-x 1 fufu fufu    0 Aug  8 08:22 mingw-w64-nsis
drwxr-xr-x 1 fufu fufu    0 Aug  8 08:22 mingw-w64-nsis-nsisunz
drwxr-xr-x 1 fufu fufu    0 Aug  8 08:22 mingw-w64-nspr
drwxr-xr-x 1 fufu fufu    0 Aug  8 08:22 mingw-w64-nss
drwxr-xr-x 1 fufu fufu    0 Aug  8 08:22 mingw-w64-nsync
drwxr-xr-x 1 fufu fufu    0 Aug  8 08:22 mingw-w64-ntl
drwxr-xr-x 1 fufu fufu    0 Aug  8 08:22 mingw-w64-ntldd
drwxr-xr-x 1 fufu fufu    0 Aug  8 08:22 mingw-w64-nuspell
drwxr-xr-x 1 fufu fufu    0 Aug  8 08:22 mingw-w64-nvidia-cg-toolkit
drwxr-xr-x 1 fufu fufu    0 Aug  8 08:22 mingw-w64-oatpp
drwxr-xr-x 1 fufu fufu    0 Aug  8 08:22 mingw-w64-objfw
drwxr-xr-x 1 fufu fufu    0 Aug  8 08:22 mingw-w64-ocaml
drwxr-xr-x 1 fufu fufu    0 Aug  8 08:22 mingw-w64-oce
drwxr-xr-x 1 fufu fufu    0 Aug  8 08:22 mingw-w64-ocrmypdf
drwxr-xr-x 1 fufu fufu    0 Aug  8 08:22 mingw-w64-octave
drwxr-xr-x 1 fufu fufu    0 Aug  8 08:22 mingw-w64-ode
drwxr-xr-x 1 fufu fufu    0 Aug  8 08:22 mingw-w64-odpi
drwxr-xr-x 1 fufu fufu    0 Aug  8 08:22 mingw-w64-odt2txt
drwxr-xr-x 1 fufu fufu    0 Aug  8 08:22 mingw-w64-ogre3d
drwxr-xr-x 1 fufu fufu    0 Aug  8 08:22 mingw-w64-oh-my-posh
drwxr-xr-x 1 fufu fufu    0 Aug  8 08:22 mingw-w64-ois
drwxr-xr-x 1 fufu fufu    0 Aug  8 08:22 mingw-w64-okular
drwxr-xr-x 1 fufu fufu    0 Aug  8 08:22 mingw-w64-ollama
drwxr-xr-x 1 fufu fufu    0 Aug  8 08:22 mingw-w64-onednn
drwxr-xr-x 1 fufu fufu    0 Aug  8 08:22 mingw-w64-onefetch
drwxr-xr-x 1 fufu fufu    0 Aug  8 08:22 mingw-w64-onigmo
drwxr-xr-x 1 fufu fufu    0 Aug  8 08:22 mingw-w64-oniguruma
drwxr-xr-x 1 fufu fufu    0 Aug  8 08:22 mingw-w64-onnx
drwxr-xr-x 1 fufu fufu    0 Aug  8 08:22 mingw-w64-onnxruntime
drwxr-xr-x 1 fufu fufu    0 Aug  8 08:22 mingw-w64-open62541
drwxr-xr-x 1 fufu fufu    0 Aug  8 08:22 mingw-w64-openFPGALoader
drwxr-xr-x 1 fufu fufu    0 Aug  8 08:22 mingw-w64-openai-codex
drwxr-xr-x 1 fufu fufu    0 Aug  8 08:22 mingw-w64-openal
drwxr-xr-x 1 fufu fufu    0 Aug  8 08:22 mingw-w64-openapv
drwxr-xr-x 1 fufu fufu    0 Aug  8 08:22 mingw-w64-openbabel
drwxr-xr-x 1 fufu fufu    0 Aug  8 08:22 mingw-w64-openblas
drwxr-xr-x 1 fufu fufu    0 Aug  8 08:22 mingw-w64-opencamlib
drwxr-xr-x 1 fufu fufu    0 Aug  8 08:22 mingw-w64-opencascade
drwxr-xr-x 1 fufu fufu    0 Aug  8 08:22 mingw-w64-opencc
drwxr-xr-x 1 fufu fufu    0 Aug  8 08:22 mingw-w64-opencl-clhpp
drwxr-xr-x 1 fufu fufu    0 Aug  8 08:22 mingw-w64-opencl-headers
drwxr-xr-x 1 fufu fufu    0 Aug  8 08:22 mingw-w64-opencl-icd
drwxr-xr-x 1 fufu fufu    0 Aug  8 08:22 mingw-w64-opencollada
drwxr-xr-x 1 fufu fufu    0 Aug  8 08:22 mingw-w64-opencolorio
drwxr-xr-x 1 fufu fufu    0 Aug  8 08:22 mingw-w64-opencore-amr
drwxr-xr-x 1 fufu fufu    0 Aug  8 08:22 mingw-w64-opencsg
drwxr-xr-x 1 fufu fufu    0 Aug  8 08:22 mingw-w64-opencv
drwxr-xr-x 1 fufu fufu    0 Aug  8 08:22 mingw-w64-openexr
drwxr-xr-x 1 fufu fufu    0 Aug  8 08:22 mingw-w64-openfa
drwxr-xr-x 1 fufu fufu    0 Aug  8 08:22 mingw-w64-opengl-man-pages
drwxr-xr-x 1 fufu fufu    0 Aug  8 08:22 mingw-w64-openh264
drwxr-xr-x 1 fufu fufu    0 Aug  8 08:22 mingw-w64-openimagedenoise
drwxr-xr-x 1 fufu fufu    0 Aug  8 08:22 mingw-w64-openimageio
drwxr-xr-x 1 fufu fufu    0 Aug  8 08:22 mingw-w64-openjpeg2
drwxr-xr-x 1 fufu fufu    0 Aug  8 08:22 mingw-w64-openjph
drwxr-xr-x 1 fufu fufu    0 Aug  8 08:22 mingw-w64-openldap
drwxr-xr-x 1 fufu fufu    0 Aug  8 08:22 mingw-w64-openlibm
drwxr-xr-x 1 fufu fufu    0 Aug  8 08:22 mingw-w64-openocd
drwxr-xr-x 1 fufu fufu    0 Aug  8 08:22 mingw-w64-openpgl
drwxr-xr-x 1 fufu fufu    0 Aug  8 08:22 mingw-w64-openscad
drwxr-xr-x 1 fufu fufu    0 Aug  8 08:22 mingw-w64-openshadinglanguage
drwxr-xr-x 1 fufu fufu    0 Aug  8 08:22 mingw-w64-openslide
drwxr-xr-x 1 fufu fufu    0 Aug  8 08:22 mingw-w64-openssl
drwxr-xr-x 1 fufu fufu    0 Aug  8 08:22 mingw-w64-opensubdiv
drwxr-xr-x 1 fufu fufu    0 Aug  8 08:22 mingw-w64-opentimelineio
drwxr-xr-x 1 fufu fufu    0 Aug  8 08:22 mingw-w64-openturns
drwxr-xr-x 1 fufu fufu    0 Aug  8 08:22 mingw-w64-openvdb
drwxr-xr-x 1 fufu fufu    0 Aug  8 08:22 mingw-w64-openvr
drwxr-xr-x 1 fufu fufu    0 Aug  8 08:22 mingw-w64-openxr-sdk
drwxr-xr-x 1 fufu fufu    0 Aug  8 08:22 mingw-w64-optipng
drwxr-xr-x 1 fufu fufu    0 Aug  8 08:22 mingw-w64-opus
drwxr-xr-x 1 fufu fufu    0 Aug  8 08:22 mingw-w64-opus-tools
drwxr-xr-x 1 fufu fufu    0 Aug  8 08:22 mingw-w64-opusfile
drwxr-xr-x 1 fufu fufu    0 Aug  8 08:22 mingw-w64-oqsprovider
drwxr-xr-x 1 fufu fufu    0 Aug  8 08:22 mingw-w64-orc
drwxr-xr-x 1 fufu fufu    0 Aug  8 08:22 mingw-w64-orcus
drwxr-xr-x 1 fufu fufu    0 Aug  8 08:22 mingw-w64-osgQt
drwxr-xr-x 1 fufu fufu    0 Aug  8 08:22 mingw-w64-osgbullet
drwxr-xr-x 1 fufu fufu    0 Aug  8 08:22 mingw-w64-osgearth
drwxr-xr-x 1 fufu fufu    0 Aug  8 08:22 mingw-w64-osgocean
drwxr-xr-x 1 fufu fufu    0 Aug  8 08:22 mingw-w64-osgqtquick
drwxr-xr-x 1 fufu fufu    0 Aug  8 08:22 mingw-w64-osgworks
drwxr-xr-x 1 fufu fufu    0 Aug  8 08:22 mingw-w64-osl
drwxr-xr-x 1 fufu fufu    0 Aug  8 08:22 mingw-w64-osm-gps-map
drwxr-xr-x 1 fufu fufu    0 Aug  8 08:22 mingw-w64-ossia-score
drwxr-xr-x 1 fufu fufu    0 Aug  8 08:22 mingw-w64-osslsigncode
drwxr-xr-x 1 fufu fufu    0 Aug  8 08:22 mingw-w64-oxipng
drwxr-xr-x 1 fufu fufu    0 Aug  8 08:22 mingw-w64-p11-kit
drwxr-xr-x 1 fufu fufu    0 Aug  8 08:22 mingw-w64-paho.mqtt.c
drwxr-xr-x 1 fufu fufu    0 Aug  8 08:22 mingw-w64-panamax
drwxr-xr-x 1 fufu fufu    0 Aug  8 08:22 mingw-w64-pango
drwxr-xr-x 1 fufu fufu    0 Aug  8 08:22 mingw-w64-pangomm
drwxr-xr-x 1 fufu fufu    0 Aug  8 08:22 mingw-w64-pangomm-2.48
drwxr-xr-x 1 fufu fufu    0 Aug  8 08:22 mingw-w64-paper-terminal
drwxr-xr-x 1 fufu fufu    0 Aug  8 08:22 mingw-w64-paraview
drwxr-xr-x 1 fufu fufu    0 Aug  8 08:22 mingw-w64-parmetis
drwxr-xr-x 1 fufu fufu    0 Aug  8 08:22 mingw-w64-parsec
drwxr-xr-x 1 fufu fufu    0 Aug  8 08:22 mingw-w64-partio
drwxr-xr-x 1 fufu fufu    0 Aug  8 08:22 mingw-w64-passagemath-benzene
drwxr-xr-x 1 fufu fufu    0 Aug  8 08:22 mingw-w64-passagemath-bliss
drwxr-xr-x 1 fufu fufu    0 Aug  8 08:22 mingw-w64-passagemath-bootstrap
drwxr-xr-x 1 fufu fufu    0 Aug  8 08:22 mingw-w64-passagemath-buckygen
drwxr-xr-x 1 fufu fufu    0 Aug  8 08:22 mingw-w64-passagemath-categories
drwxr-xr-x 1 fufu fufu    0 Aug  8 08:22 mingw-w64-passagemath-cddlib
drwxr-xr-x 1 fufu fufu    0 Aug  8 08:22 mingw-w64-passagemath-cliquer
drwxr-xr-x 1 fufu fufu    0 Aug  8 08:22 mingw-w64-passagemath-cmr
drwxr-xr-x 1 fufu fufu    0 Aug  8 08:22 mingw-w64-passagemath-combinat
drwxr-xr-x 1 fufu fufu    0 Aug  8 08:22 mingw-w64-passagemath-database-cunningham
drwxr-xr-x 1 fufu fufu    0 Aug  8 08:22 mingw-w64-passagemath-environment
drwxr-xr-x 1 fufu fufu    0 Aug  8 08:22 mingw-w64-passagemath-flint
drwxr-xr-x 1 fufu fufu    0 Aug  8 08:22 mingw-w64-passagemath-glpk
drwxr-xr-x 1 fufu fufu    0 Aug  8 08:22 mingw-w64-passagemath-graphs
drwxr-xr-x 1 fufu fufu    0 Aug  8 08:22 mingw-w64-passagemath-gsl
drwxr-xr-x 1 fufu fufu    0 Aug  8 08:22 mingw-w64-passagemath-highs
drwxr-xr-x 1 fufu fufu    0 Aug  8 08:22 mingw-w64-passagemath-homfly
drwxr-xr-x 1 fufu fufu    0 Aug  8 08:22 mingw-w64-passagemath-iml
drwxr-xr-x 1 fufu fufu    0 Aug  8 08:22 mingw-w64-passagemath-libbraiding
drwxr-xr-x 1 fufu fufu    0 Aug  8 08:22 mingw-w64-passagemath-m4ri-m4rie
drwxr-xr-x 1 fufu fufu    0 Aug  8 08:22 mingw-w64-passagemath-mcqd
drwxr-xr-x 1 fufu fufu    0 Aug  8 08:22 mingw-w64-passagemath-modules
drwxr-xr-x 1 fufu fufu    0 Aug  8 08:22 mingw-w64-passagemath-msolve
drwxr-xr-x 1 fufu fufu    0 Aug  8 08:22 mingw-w64-passagemath-nauty
drwxr-xr-x 1 fufu fufu    0 Aug  8 08:22 mingw-w64-passagemath-ntl
drwxr-xr-x 1 fufu fufu    0 Aug  8 08:22 mingw-w64-passagemath-objects
drwxr-xr-x 1 fufu fufu    0 Aug  8 08:22 mingw-w64-passagemath-planarity
drwxr-xr-x 1 fufu fufu    0 Aug  8 08:22 mingw-w64-passagemath-plantri
drwxr-xr-x 1 fufu fufu    0 Aug  8 08:22 mingw-w64-passagemath-plot
drwxr-xr-x 1 fufu fufu    0 Aug  8 08:22 mingw-w64-passagemath-polyhedra
drwxr-xr-x 1 fufu fufu    0 Aug  8 08:22 mingw-w64-passagemath-ppl
drwxr-xr-x 1 fufu fufu    0 Aug  8 08:22 mingw-w64-passagemath-rankwidth
drwxr-xr-x 1 fufu fufu    0 Aug  8 08:22 mingw-w64-passagemath-repl
drwxr-xr-x 1 fufu fufu    0 Aug  8 08:22 mingw-w64-passagemath-setup
drwxr-xr-x 1 fufu fufu    0 Aug  8 08:22 mingw-w64-passagemath-sirocco
drwxr-xr-x 1 fufu fufu    0 Aug  8 08:22 mingw-w64-passagemath-tdlib
drwxr-xr-x 1 fufu fufu    0 Aug  8 08:22 mingw-w64-pastix
drwxr-xr-x 1 fufu fufu    0 Aug  8 08:22 mingw-w64-pathtools
drwxr-xr-x 1 fufu fufu    0 Aug  8 08:22 mingw-w64-pcaudiolib
drwxr-xr-x 1 fufu fufu    0 Aug  8 08:22 mingw-w64-pcre
drwxr-xr-x 1 fufu fufu    0 Aug  8 08:22 mingw-w64-pcre2
drwxr-xr-x 1 fufu fufu    0 Aug  8 08:22 mingw-w64-pdal
drwxr-xr-x 1 fufu fufu    0 Aug  8 08:22 mingw-w64-pdcurses
drwxr-xr-x 1 fufu fufu    0 Aug  8 08:22 mingw-w64-pdf2djvu
drwxr-xr-x 1 fufu fufu    0 Aug  8 08:22 mingw-w64-pdf2svg
drwxr-xr-x 1 fufu fufu    0 Aug  8 08:22 mingw-w64-pdfarranger
drwxr-xr-x 1 fufu fufu    0 Aug  8 08:22 mingw-w64-pdfpc
drwxr-xr-x 1 fufu fufu    0 Aug  8 08:22 mingw-w64-pegtl
drwxr-xr-x 1 fufu fufu    0 Aug  8 08:22 mingw-w64-pelican
drwxr-xr-x 1 fufu fufu    0 Aug  8 08:22 mingw-w64-perl
drwxr-xr-x 1 fufu fufu    0 Aug  8 08:22 mingw-w64-perl-algorithm-diff
drwxr-xr-x 1 fufu fufu    0 Aug  8 08:22 mingw-w64-perl-alien-build
drwxr-xr-x 1 fufu fufu    0 Aug  8 08:22 mingw-w64-perl-alien-build-plugin-download-gitlab
drwxr-xr-x 1 fufu fufu    0 Aug  8 08:22 mingw-w64-perl-alien-libxml2
drwxr-xr-x 1 fufu fufu    0 Aug  8 08:22 mingw-w64-perl-authen-sasl
drwxr-xr-x 1 fufu fufu    0 Aug  8 08:22 mingw-w64-perl-autovivification
drwxr-xr-x 1 fufu fufu    0 Aug  8 08:22 mingw-w64-perl-b-hooks-endofscope
drwxr-xr-x 1 fufu fufu    0 Aug  8 08:22 mingw-w64-perl-business-isbn
drwxr-xr-x 1 fufu fufu    0 Aug  8 08:22 mingw-w64-perl-business-isbn-data
drwxr-xr-x 1 fufu fufu    0 Aug  8 08:22 mingw-w64-perl-business-ismn
drwxr-xr-x 1 fufu fufu    0 Aug  8 08:22 mingw-w64-perl-business-issn
drwxr-xr-x 1 fufu fufu    0 Aug  8 08:22 mingw-w64-perl-capture-tiny
drwxr-xr-x 1 fufu fufu    0 Aug  8 08:22 mingw-w64-perl-class-accessor
drwxr-xr-x 1 fufu fufu    0 Aug  8 08:22 mingw-w64-perl-class-data-inheritable
drwxr-xr-x 1 fufu fufu    0 Aug  8 08:22 mingw-w64-perl-class-inspector
drwxr-xr-x 1 fufu fufu    0 Aug  8 08:22 mingw-w64-perl-class-load
drwxr-xr-x 1 fufu fufu    0 Aug  8 08:22 mingw-w64-perl-class-singleton
drwxr-xr-x 1 fufu fufu    0 Aug  8 08:22 mingw-w64-perl-clone
drwxr-xr-x 1 fufu fufu    0 Aug  8 08:22 mingw-w64-perl-clone-choose
drwxr-xr-x 1 fufu fufu    0 Aug  8 08:22 mingw-w64-perl-config-autoconf
drwxr-xr-x 1 fufu fufu    0 Aug  8 08:22 mingw-w64-perl-convert-binhex
drwxr-xr-x 1 fufu fufu    0 Aug  8 08:22 mingw-w64-perl-cpan-requirements-dynamic
drwxr-xr-x 1 fufu fufu    0 Aug  8 08:22 mingw-w64-perl-data-compare
drwxr-xr-x 1 fufu fufu    0 Aug  8 08:22 mingw-w64-perl-data-dump
drwxr-xr-x 1 fufu fufu    0 Aug  8 08:22 mingw-w64-perl-data-optlist
drwxr-xr-x 1 fufu fufu    0 Aug  8 08:22 mingw-w64-perl-data-uniqid
drwxr-xr-x 1 fufu fufu    0 Aug  8 08:22 mingw-w64-perl-datetime
drwxr-xr-x 1 fufu fufu    0 Aug  8 08:22 mingw-w64-perl-datetime-calendar-julian
drwxr-xr-x 1 fufu fufu    0 Aug  8 08:22 mingw-w64-perl-datetime-format-builder
drwxr-xr-x 1 fufu fufu    0 Aug  8 08:22 mingw-w64-perl-datetime-format-strptime
drwxr-xr-x 1 fufu fufu    0 Aug  8 08:22 mingw-w64-perl-datetime-locale
drwxr-xr-x 1 fufu fufu    0 Aug  8 08:22 mingw-w64-perl-datetime-timezone
drwxr-xr-x 1 fufu fufu    0 Aug  8 08:22 mingw-w64-perl-dbi
drwxr-xr-x 1 fufu fufu    0 Aug  8 08:22 mingw-w64-perl-devel-cover
drwxr-xr-x 1 fufu fufu    0 Aug  8 08:22 mingw-w64-perl-devel-stacktrace
drwxr-xr-x 1 fufu fufu    0 Aug  8 08:22 mingw-w64-perl-digest-sha
drwxr-xr-x 1 fufu fufu    0 Aug  8 08:22 mingw-w64-perl-dist-checkconflicts
drwxr-xr-x 1 fufu fufu    0 Aug  8 08:22 mingw-w64-perl-encode-compat
drwxr-xr-x 1 fufu fufu    0 Aug  8 08:22 mingw-w64-perl-encode-eucjpascii
drwxr-xr-x 1 fufu fufu    0 Aug  8 08:22 mingw-w64-perl-encode-hanextra
drwxr-xr-x 1 fufu fufu    0 Aug  8 08:22 mingw-w64-perl-encode-locale
drwxr-xr-x 1 fufu fufu    0 Aug  8 08:22 mingw-w64-perl-error
drwxr-xr-x 1 fufu fufu    0 Aug  8 08:22 mingw-w64-perl-eval-closure
drwxr-xr-x 1 fufu fufu    0 Aug  8 08:22 mingw-w64-perl-exception-class
drwxr-xr-x 1 fufu fufu    0 Aug  8 08:22 mingw-w64-perl-exporter-tiny
drwxr-xr-x 1 fufu fufu    0 Aug  8 08:22 mingw-w64-perl-extutils-config
drwxr-xr-x 1 fufu fufu    0 Aug  8 08:22 mingw-w64-perl-extutils-helpers
drwxr-xr-x 1 fufu fufu    0 Aug  8 08:22 mingw-w64-perl-extutils-installpaths
drwxr-xr-x 1 fufu fufu    0 Aug  8 08:22 mingw-w64-perl-extutils-libbuilder
drwxr-xr-x 1 fufu fufu    0 Aug  8 08:22 mingw-w64-perl-ffi-checklib
drwxr-xr-x 1 fufu fufu    0 Aug  8 08:22 mingw-w64-perl-file-chdir
drwxr-xr-x 1 fufu fufu    0 Aug  8 08:22 mingw-w64-perl-file-find-rule
drwxr-xr-x 1 fufu fufu    0 Aug  8 08:22 mingw-w64-perl-file-listing
drwxr-xr-x 1 fufu fufu    0 Aug  8 08:22 mingw-w64-perl-file-remove
drwxr-xr-x 1 fufu fufu    0 Aug  8 08:22 mingw-w64-perl-file-sharedir
drwxr-xr-x 1 fufu fufu    0 Aug  8 08:22 mingw-w64-perl-file-sharedir-install
drwxr-xr-x 1 fufu fufu    0 Aug  8 08:22 mingw-w64-perl-file-slurp-tiny
drwxr-xr-x 1 fufu fufu    0 Aug  8 08:22 mingw-w64-perl-file-slurper
drwxr-xr-x 1 fufu fufu    0 Aug  8 08:22 mingw-w64-perl-file-which
drwxr-xr-x 1 fufu fufu    0 Aug  8 08:22 mingw-w64-perl-html-parser
drwxr-xr-x 1 fufu fufu    0 Aug  8 08:22 mingw-w64-perl-html-tagset
drwxr-xr-x 1 fufu fufu    0 Aug  8 08:22 mingw-w64-perl-http-cookiejar
drwxr-xr-x 1 fufu fufu    0 Aug  8 08:22 mingw-w64-perl-http-cookies
drwxr-xr-x 1 fufu fufu    0 Aug  8 08:22 mingw-w64-perl-http-daemon
drwxr-xr-x 1 fufu fufu    0 Aug  8 08:22 mingw-w64-perl-http-date
drwxr-xr-x 1 fufu fufu    0 Aug  8 08:22 mingw-w64-perl-http-message
drwxr-xr-x 1 fufu fufu    0 Aug  8 08:22 mingw-w64-perl-http-negotiate
drwxr-xr-x 1 fufu fufu    0 Aug  8 08:22 mingw-w64-perl-inc-latest
drwxr-xr-x 1 fufu fufu    0 Aug  8 08:22 mingw-w64-perl-io-html
drwxr-xr-x 1 fufu fufu    0 Aug  8 08:22 mingw-w64-perl-io-socket-ssl
drwxr-xr-x 1 fufu fufu    0 Aug  8 08:22 mingw-w64-perl-io-string
drwxr-xr-x 1 fufu fufu    0 Aug  8 08:22 mingw-w64-perl-io-stringy
drwxr-xr-x 1 fufu fufu    0 Aug  8 08:22 mingw-w64-perl-ipc-run3
drwxr-xr-x 1 fufu fufu    0 Aug  8 08:22 mingw-w64-perl-json
drwxr-xr-x 1 fufu fufu    0 Aug  8 08:22 mingw-w64-perl-libwww
drwxr-xr-x 1 fufu fufu    0 Aug  8 08:22 mingw-w64-perl-lingua-translit
drwxr-xr-x 1 fufu fufu    0 Aug  8 08:22 mingw-w64-perl-list-allutils
drwxr-xr-x 1 fufu fufu    0 Aug  8 08:22 mingw-w64-perl-list-moreutils
drwxr-xr-x 1 fufu fufu    0 Aug  8 08:22 mingw-w64-perl-list-moreutils-xs
drwxr-xr-x 1 fufu fufu    0 Aug  8 08:22 mingw-w64-perl-list-someutils
drwxr-xr-x 1 fufu fufu    0 Aug  8 08:22 mingw-w64-perl-list-utilsby
drwxr-xr-x 1 fufu fufu    0 Aug  8 08:22 mingw-w64-perl-log-log4perl
drwxr-xr-x 1 fufu fufu    0 Aug  8 08:22 mingw-w64-perl-lwp-mediatypes
drwxr-xr-x 1 fufu fufu    0 Aug  8 08:22 mingw-w64-perl-lwp-protocol-https
drwxr-xr-x 1 fufu fufu    0 Aug  8 08:22 mingw-w64-perl-mailtools
drwxr-xr-x 1 fufu fufu    0 Aug  8 08:22 mingw-w64-perl-math-int64
drwxr-xr-x 1 fufu fufu    0 Aug  8 08:22 mingw-w64-perl-math-round
drwxr-xr-x 1 fufu fufu    0 Aug  8 08:22 mingw-w64-perl-memory-usage
drwxr-xr-x 1 fufu fufu    0 Aug  8 08:22 mingw-w64-perl-mime-base32
drwxr-xr-x 1 fufu fufu    0 Aug  8 08:22 mingw-w64-perl-mime-charset
drwxr-xr-x 1 fufu fufu    0 Aug  8 08:22 mingw-w64-perl-mime-tools
drwxr-xr-x 1 fufu fufu    0 Aug  8 08:22 mingw-w64-perl-module-build
drwxr-xr-x 1 fufu fufu    0 Aug  8 08:22 mingw-w64-perl-module-build-tiny
drwxr-xr-x 1 fufu fufu    0 Aug  8 08:22 mingw-w64-perl-module-implementation
drwxr-xr-x 1 fufu fufu    0 Aug  8 08:22 mingw-w64-perl-module-install
drwxr-xr-x 1 fufu fufu    0 Aug  8 08:22 mingw-w64-perl-module-runtime
drwxr-xr-x 1 fufu fufu    0 Aug  8 08:22 mingw-w64-perl-module-scandeps
drwxr-xr-x 1 fufu fufu    0 Aug  8 08:22 mingw-w64-perl-mozilla-ca
drwxr-xr-x 1 fufu fufu    0 Aug  8 08:22 mingw-w64-perl-mro-compat
drwxr-xr-x 1 fufu fufu    0 Aug  8 08:22 mingw-w64-perl-namespace-autoclean
drwxr-xr-x 1 fufu fufu    0 Aug  8 08:22 mingw-w64-perl-namespace-clean
drwxr-xr-x 1 fufu fufu    0 Aug  8 08:22 mingw-w64-perl-net-http
drwxr-xr-x 1 fufu fufu    0 Aug  8 08:22 mingw-w64-perl-net-smtp-ssl
drwxr-xr-x 1 fufu fufu    0 Aug  8 08:22 mingw-w64-perl-net-ssleay
drwxr-xr-x 1 fufu fufu    0 Aug  8 08:22 mingw-w64-perl-number-compare
drwxr-xr-x 1 fufu fufu    0 Aug  8 08:22 mingw-w64-perl-package-deprecationmanager
drwxr-xr-x 1 fufu fufu    0 Aug  8 08:22 mingw-w64-perl-package-stash
drwxr-xr-x 1 fufu fufu    0 Aug  8 08:22 mingw-w64-perl-package-stash-xs
drwxr-xr-x 1 fufu fufu    0 Aug  8 08:22 mingw-w64-perl-par-dist
drwxr-xr-x 1 fufu fufu    0 Aug  8 08:22 mingw-w64-perl-params-util
drwxr-xr-x 1 fufu fufu    0 Aug  8 08:22 mingw-w64-perl-params-validate
drwxr-xr-x 1 fufu fufu    0 Aug  8 08:22 mingw-w64-perl-params-validationcompiler
drwxr-xr-x 1 fufu fufu    0 Aug  8 08:22 mingw-w64-perl-parse-recdescent
drwxr-xr-x 1 fufu fufu    0 Aug  8 08:22 mingw-w64-perl-path-tiny
drwxr-xr-x 1 fufu fufu    0 Aug  8 08:22 mingw-w64-perl-perlio-utf8-strict
drwxr-xr-x 1 fufu fufu    0 Aug  8 08:22 mingw-w64-perl-pkgconfig
drwxr-xr-x 1 fufu fufu    0 Aug  8 08:22 mingw-w64-perl-readonly
drwxr-xr-x 1 fufu fufu    0 Aug  8 08:22 mingw-w64-perl-regexp-common
drwxr-xr-x 1 fufu fufu    0 Aug  8 08:22 mingw-w64-perl-role-tiny
drwxr-xr-x 1 fufu fufu    0 Aug  8 08:22 mingw-w64-perl-scalar-list-utils
drwxr-xr-x 1 fufu fufu    0 Aug  8 08:22 mingw-w64-perl-sort-key
drwxr-xr-x 1 fufu fufu    0 Aug  8 08:22 mingw-w64-perl-sort-versions
drwxr-xr-x 1 fufu fufu    0 Aug  8 08:22 mingw-w64-perl-specio
drwxr-xr-x 1 fufu fufu    0 Aug  8 08:22 mingw-w64-perl-sub-exporter
drwxr-xr-x 1 fufu fufu    0 Aug  8 08:22 mingw-w64-perl-sub-exporter-progressive
drwxr-xr-x 1 fufu fufu    0 Aug  8 08:22 mingw-w64-perl-sub-install
drwxr-xr-x 1 fufu fufu    0 Aug  8 08:22 mingw-w64-perl-sub-uplevel
drwxr-xr-x 1 fufu fufu    0 Aug  8 08:22 mingw-w64-perl-termreadkey
drwxr-xr-x 1 fufu fufu    0 Aug  8 08:22 mingw-w64-perl-test-differences
drwxr-xr-x 1 fufu fufu    0 Aug  8 08:22 mingw-w64-perl-test-exception
drwxr-xr-x 1 fufu fufu    0 Aug  8 08:22 mingw-w64-perl-test-fatal
drwxr-xr-x 1 fufu fufu    0 Aug  8 08:22 mingw-w64-perl-test-requires
drwxr-xr-x 1 fufu fufu    0 Aug  8 08:22 mingw-w64-perl-text-bibtex
drwxr-xr-x 1 fufu fufu    0 Aug  8 08:22 mingw-w64-perl-text-csv
drwxr-xr-x 1 fufu fufu    0 Aug  8 08:22 mingw-w64-perl-text-csv-xs
drwxr-xr-x 1 fufu fufu    0 Aug  8 08:22 mingw-w64-perl-text-diff
drwxr-xr-x 1 fufu fufu    0 Aug  8 08:22 mingw-w64-perl-text-glob
drwxr-xr-x 1 fufu fufu    0 Aug  8 08:22 mingw-w64-perl-text-roman
drwxr-xr-x 1 fufu fufu    0 Aug  8 08:22 mingw-w64-perl-tie-cycle
drwxr-xr-x 1 fufu fufu    0 Aug  8 08:22 mingw-w64-perl-timedate
drwxr-xr-x 1 fufu fufu    0 Aug  8 08:22 mingw-w64-perl-try-tiny
drwxr-xr-x 1 fufu fufu    0 Aug  8 08:22 mingw-w64-perl-unicode-linebreak
drwxr-xr-x 1 fufu fufu    0 Aug  8 08:22 mingw-w64-perl-uri
drwxr-xr-x 1 fufu fufu    0 Aug  8 08:22 mingw-w64-perl-variable-magic
drwxr-xr-x 1 fufu fufu    0 Aug  8 08:22 mingw-w64-perl-win32-api
drwxr-xr-x 1 fufu fufu    0 Aug  8 08:22 mingw-w64-perl-win32-console
drwxr-xr-x 1 fufu fufu    0 Aug  8 08:22 mingw-w64-perl-win32-shellquote
drwxr-xr-x 1 fufu fufu    0 Aug  8 08:22 mingw-w64-perl-win32-shortcut
drwxr-xr-x 1 fufu fufu    0 Aug  8 08:22 mingw-w64-perl-win32-tieregistry
drwxr-xr-x 1 fufu fufu    0 Aug  8 08:22 mingw-w64-perl-win32-unicode
drwxr-xr-x 1 fufu fufu    0 Aug  8 08:22 mingw-w64-perl-win32-winerror
drwxr-xr-x 1 fufu fufu    0 Aug  8 08:22 mingw-w64-perl-win32api-registry
drwxr-xr-x 1 fufu fufu    0 Aug  8 08:22 mingw-w64-perl-www-robotrules
drwxr-xr-x 1 fufu fufu    0 Aug  8 08:22 mingw-w64-perl-xml-libxml
drwxr-xr-x 1 fufu fufu    0 Aug  8 08:22 mingw-w64-perl-xml-libxml-simple
drwxr-xr-x 1 fufu fufu    0 Aug  8 08:22 mingw-w64-perl-xml-libxslt
drwxr-xr-x 1 fufu fufu    0 Aug  8 08:22 mingw-w64-perl-xml-namespacesupport
drwxr-xr-x 1 fufu fufu    0 Aug  8 08:22 mingw-w64-perl-xml-parser
drwxr-xr-x 1 fufu fufu    0 Aug  8 08:22 mingw-w64-perl-xml-sax
drwxr-xr-x 1 fufu fufu    0 Aug  8 08:22 mingw-w64-perl-xml-sax-base
drwxr-xr-x 1 fufu fufu    0 Aug  8 08:22 mingw-w64-perl-xml-writer
drwxr-xr-x 1 fufu fufu    0 Aug  8 08:22 mingw-w64-perl-yaml-tiny
drwxr-xr-x 1 fufu fufu    0 Aug  8 08:22 mingw-w64-petsc
drwxr-xr-x 1 fufu fufu    0 Aug  8 08:22 mingw-w64-pgmodeler
drwxr-xr-x 1 fufu fufu    0 Aug  8 08:22 mingw-w64-phodav
drwxr-xr-x 1 fufu fufu    0 Aug  8 08:22 mingw-w64-phonon
drwxr-xr-x 1 fufu fufu    0 Aug  8 08:22 mingw-w64-physfs
drwxr-xr-x 1 fufu fufu    0 Aug  8 08:22 mingw-w64-picosha2
drwxr-xr-x 1 fufu fufu    0 Aug  8 08:22 mingw-w64-picotool
drwxr-xr-x 1 fufu fufu    0 Aug  8 08:22 mingw-w64-pidgin
drwxr-xr-x 1 fufu fufu    0 Aug  8 08:22 mingw-w64-pikchr
drwxr-xr-x 1 fufu fufu    0 Aug  8 08:22 mingw-w64-pinact
drwxr-xr-x 1 fufu fufu    0 Aug  8 08:22 mingw-w64-pinentry
drwxr-xr-x 1 fufu fufu    0 Aug  8 08:22 mingw-w64-pixi
drwxr-xr-x 1 fufu fufu    0 Aug  8 08:22 mingw-w64-pixman
drwxr-xr-x 1 fufu fufu    0 Aug  8 08:22 mingw-w64-pkcs11-helper
drwxr-xr-x 1 fufu fufu    0 Aug  8 08:22 mingw-w64-pkg-config
drwxr-xr-x 1 fufu fufu    0 Aug  8 08:22 mingw-w64-pkgconf
drwxr-xr-x 1 fufu fufu    0 Aug  8 08:22 mingw-w64-planarity
drwxr-xr-x 1 fufu fufu    0 Aug  8 08:22 mingw-w64-plantri
drwxr-xr-x 1 fufu fufu    0 Aug  8 08:22 mingw-w64-plasma-activities
drwxr-xr-x 1 fufu fufu    0 Aug  8 08:22 mingw-w64-plfit
drwxr-xr-x 1 fufu fufu    0 Aug  8 08:22 mingw-w64-plplot
drwxr-xr-x 1 fufu fufu    0 Aug  8 08:22 mingw-w64-plutosvg
drwxr-xr-x 1 fufu fufu    0 Aug  8 08:22 mingw-w64-plutovg
drwxr-xr-x 1 fufu fufu    0 Aug  8 08:22 mingw-w64-pm2
drwxr-xr-x 1 fufu fufu    0 Aug  8 08:22 mingw-w64-png2ico
drwxr-xr-x 1 fufu fufu    0 Aug  8 08:22 mingw-w64-pngcrush
drwxr-xr-x 1 fufu fufu    0 Aug  8 08:22 mingw-w64-pngnq
drwxr-xr-x 1 fufu fufu    0 Aug  8 08:22 mingw-w64-pngquant
drwxr-xr-x 1 fufu fufu    0 Aug  8 08:22 mingw-w64-poco
drwxr-xr-x 1 fufu fufu    0 Aug  8 08:22 mingw-w64-podman
drwxr-xr-x 1 fufu fufu    0 Aug  8 08:22 mingw-w64-podman-compose
drwxr-xr-x 1 fufu fufu    0 Aug  8 08:22 mingw-w64-podofo
drwxr-xr-x 1 fufu fufu    0 Aug  8 08:22 mingw-w64-polipo
drwxr-xr-x 1 fufu fufu    0 Aug  8 08:22 mingw-w64-polly
drwxr-xr-x 1 fufu fufu    0 Aug  8 08:22 mingw-w64-poppler
drwxr-xr-x 1 fufu fufu    0 Aug  8 08:22 mingw-w64-poppler-data
drwxr-xr-x 1 fufu fufu    0 Aug  8 08:22 mingw-w64-popt
drwxr-xr-x 1 fufu fufu    0 Aug  8 08:22 mingw-w64-port-scanner
drwxr-xr-x 1 fufu fufu    0 Aug  8 08:22 mingw-w64-portablexdr
drwxr-xr-x 1 fufu fufu    0 Aug  8 08:22 mingw-w64-portaudio
drwxr-xr-x 1 fufu fufu    0 Aug  8 08:22 mingw-w64-portmidi
drwxr-xr-x 1 fufu fufu    0 Aug  8 08:22 mingw-w64-portsmf
drwxr-xr-x 1 fufu fufu    0 Aug  8 08:22 mingw-w64-postgis
drwxr-xr-x 1 fufu fufu    0 Aug  8 08:22 mingw-w64-postgresql
drwxr-xr-x 1 fufu fufu    0 Aug  8 08:22 mingw-w64-postgresql-16
drwxr-xr-x 1 fufu fufu    0 Aug  8 08:22 mingw-w64-potrace
drwxr-xr-x 1 fufu fufu    0 Aug  8 08:22 mingw-w64-powerpc-apple-macos-binutils
drwxr-xr-x 1 fufu fufu    0 Aug  8 08:22 mingw-w64-powersession-rs
drwxr-xr-x 1 fufu fufu    0 Aug  8 08:22 mingw-w64-ppl
drwxr-xr-x 1 fufu fufu    0 Aug  8 08:22 mingw-w64-pqp
drwxr-xr-x 1 fufu fufu    0 Aug  8 08:22 mingw-w64-pragtical
drwxr-xr-x 1 fufu fufu    0 Aug  8 08:22 mingw-w64-precice
drwxr-xr-x 1 fufu fufu    0 Aug  8 08:22 mingw-w64-premake
drwxr-xr-x 1 fufu fufu    0 Aug  8 08:22 mingw-w64-premake4
drwxr-xr-x 1 fufu fufu    0 Aug  8 08:22 mingw-w64-prettier
drwxr-xr-x 1 fufu fufu    0 Aug  8 08:22 mingw-w64-prettier-ada
drwxr-xr-x 1 fufu fufu    0 Aug  8 08:22 mingw-w64-primecount
drwxr-xr-x 1 fufu fufu    0 Aug  8 08:22 mingw-w64-primesieve
drwxr-xr-x 1 fufu fufu    0 Aug  8 08:22 mingw-w64-prison
drwxr-xr-x 1 fufu fufu    0 Aug  8 08:22 mingw-w64-prjtrellis
drwxr-xr-x 1 fufu fufu    0 Aug  8 08:22 mingw-w64-procs
drwxr-xr-x 1 fufu fufu    0 Aug  8 08:22 mingw-w64-proj
drwxr-xr-x 1 fufu fufu    0 Aug  8 08:22 mingw-w64-projectchrono
drwxr-xr-x 1 fufu fufu    0 Aug  8 08:22 mingw-w64-protobuf
drwxr-xr-x 1 fufu fufu    0 Aug  8 08:22 mingw-w64-protobuf-c
drwxr-xr-x 1 fufu fufu    0 Aug  8 08:22 mingw-w64-psmux
drwxr-xr-x 1 fufu fufu    0 Aug  8 08:22 mingw-w64-ptex
drwxr-xr-x 1 fufu fufu    0 Aug  8 08:22 mingw-w64-pugixml
drwxr-xr-x 1 fufu fufu    0 Aug  8 08:22 mingw-w64-pulseaudio
drwxr-xr-x 1 fufu fufu    0 Aug  8 08:22 mingw-w64-pupnp
drwxr-xr-x 1 fufu fufu    0 Aug  8 08:22 mingw-w64-purpose
drwxr-xr-x 1 fufu fufu    0 Aug  8 08:22 mingw-w64-putty
drwxr-xr-x 1 fufu fufu    0 Aug  8 08:22 mingw-w64-putty-ssh
drwxr-xr-x 1 fufu fufu    0 Aug  8 08:22 mingw-w64-pybind11
drwxr-xr-x 1 fufu fufu    0 Aug  8 08:22 mingw-w64-pybind11-json
drwxr-xr-x 1 fufu fufu    0 Aug  8 08:22 mingw-w64-pycairo
drwxr-xr-x 1 fufu fufu    0 Aug  8 08:22 mingw-w64-pygobject
drwxr-xr-x 1 fufu fufu    0 Aug  8 08:22 mingw-w64-pyinstaller
drwxr-xr-x 1 fufu fufu    0 Aug  8 08:22 mingw-w64-pyinstaller-hooks-contrib
drwxr-xr-x 1 fufu fufu    0 Aug  8 08:22 mingw-w64-pymol
drwxr-xr-x 1 fufu fufu    0 Aug  8 08:22 mingw-w64-pyqt-builder
drwxr-xr-x 1 fufu fufu    0 Aug  8 08:22 mingw-w64-pyqt5
drwxr-xr-x 1 fufu fufu    0 Aug  8 08:22 mingw-w64-pyqt5-3d
drwxr-xr-x 1 fufu fufu    0 Aug  8 08:22 mingw-w64-pyqt5-sip
drwxr-xr-x 1 fufu fufu    0 Aug  8 08:22 mingw-w64-pyqt6
drwxr-xr-x 1 fufu fufu    0 Aug  8 08:22 mingw-w64-pyqt6-sip
drwxr-xr-x 1 fufu fufu    0 Aug  8 08:22 mingw-w64-pyright
drwxr-xr-x 1 fufu fufu    0 Aug  8 08:22 mingw-w64-pyside2
drwxr-xr-x 1 fufu fufu    0 Aug  8 08:22 mingw-w64-pyside6
drwxr-xr-x 1 fufu fufu    0 Aug  8 08:22 mingw-w64-pystring
drwxr-xr-x 1 fufu fufu    0 Aug  8 08:22 mingw-w64-python
drwxr-xr-x 1 fufu fufu    0 Aug  8 08:22 mingw-w64-python-aafigure
drwxr-xr-x 1 fufu fufu    0 Aug  8 08:22 mingw-w64-python-absl-py
drwxr-xr-x 1 fufu fufu    0 Aug  8 08:22 mingw-w64-python-aenum
drwxr-xr-x 1 fufu fufu    0 Aug  8 08:22 mingw-w64-python-aio-pika
drwxr-xr-x 1 fufu fufu    0 Aug  8 08:22 mingw-w64-python-aiofiles
drwxr-xr-x 1 fufu fufu    0 Aug  8 08:22 mingw-w64-python-aiohappyeyeballs
drwxr-xr-x 1 fufu fufu    0 Aug  8 08:22 mingw-w64-python-aiohttp
drwxr-xr-x 1 fufu fufu    0 Aug  8 08:22 mingw-w64-python-aiohttp-cors
drwxr-xr-x 1 fufu fufu    0 Aug  8 08:22 mingw-w64-python-aioquic
drwxr-xr-x 1 fufu fufu    0 Aug  8 08:22 mingw-w64-python-aioresponses
drwxr-xr-x 1 fufu fufu    0 Aug  8 08:22 mingw-w64-python-aiormq
drwxr-xr-x 1 fufu fufu    0 Aug  8 08:22 mingw-w64-python-aiosignal
drwxr-xr-x 1 fufu fufu    0 Aug  8 08:22 mingw-w64-python-aiosmtpd
drwxr-xr-x 1 fufu fufu    0 Aug  8 08:22 mingw-w64-python-aiosqlite
drwxr-xr-x 1 fufu fufu    0 Aug  8 08:22 mingw-w64-python-alembic
drwxr-xr-x 1 fufu fufu    0 Aug  8 08:22 mingw-w64-python-altgraph
drwxr-xr-x 1 fufu fufu    0 Aug  8 08:22 mingw-w64-python-amqp
drwxr-xr-x 1 fufu fufu    0 Aug  8 08:22 mingw-w64-python-annotated-doc
drwxr-xr-x 1 fufu fufu    0 Aug  8 08:22 mingw-w64-python-annotated-types
drwxr-xr-x 1 fufu fufu    0 Aug  8 08:22 mingw-w64-python-anyio
drwxr-xr-x 1 fufu fufu    0 Aug  8 08:22 mingw-w64-python-anytree
drwxr-xr-x 1 fufu fufu    0 Aug  8 08:22 mingw-w64-python-apipkg
drwxr-xr-x 1 fufu fufu    0 Aug  8 08:22 mingw-w64-python-appdirs
drwxr-xr-x 1 fufu fufu    0 Aug  8 08:22 mingw-w64-python-archinfo
drwxr-xr-x 1 fufu fufu    0 Aug  8 08:22 mingw-w64-python-argcomplete
drwxr-xr-x 1 fufu fufu    0 Aug  8 08:22 mingw-w64-python-argh
drwxr-xr-x 1 fufu fufu    0 Aug  8 08:22 mingw-w64-python-argon2-cffi-bindings
drwxr-xr-x 1 fufu fufu    0 Aug  8 08:22 mingw-w64-python-argon2_cffi
drwxr-xr-x 1 fufu fufu    0 Aug  8 08:22 mingw-w64-python-arrow
drwxr-xr-x 1 fufu fufu    0 Aug  8 08:22 mingw-w64-python-asgiref
drwxr-xr-x 1 fufu fufu    0 Aug  8 08:22 mingw-w64-python-asn1crypto
drwxr-xr-x 1 fufu fufu    0 Aug  8 08:22 mingw-w64-python-astor
drwxr-xr-x 1 fufu fufu    0 Aug  8 08:22 mingw-w64-python-astroid
drwxr-xr-x 1 fufu fufu    0 Aug  8 08:22 mingw-w64-python-asttokens
drwxr-xr-x 1 fufu fufu    0 Aug  8 08:22 mingw-w64-python-astunparse
drwxr-xr-x 1 fufu fufu    0 Aug  8 08:22 mingw-w64-python-async-lru
drwxr-xr-x 1 fufu fufu    0 Aug  8 08:22 mingw-w64-python-async-timeout
drwxr-xr-x 1 fufu fufu    0 Aug  8 08:22 mingw-w64-python-async_generator
drwxr-xr-x 1 fufu fufu    0 Aug  8 08:22 mingw-w64-python-asyncpg
drwxr-xr-x 1 fufu fufu    0 Aug  8 08:22 mingw-w64-python-asyncssh
drwxr-xr-x 1 fufu fufu    0 Aug  8 08:22 mingw-w64-python-asynctest
drwxr-xr-x 1 fufu fufu    0 Aug  8 08:22 mingw-w64-python-atomicwrites
drwxr-xr-x 1 fufu fufu    0 Aug  8 08:22 mingw-w64-python-atpublic
drwxr-xr-x 1 fufu fufu    0 Aug  8 08:22 mingw-w64-python-attrdict3
drwxr-xr-x 1 fufu fufu    0 Aug  8 08:22 mingw-w64-python-attrs
drwxr-xr-x 1 fufu fufu    0 Aug  8 08:22 mingw-w64-python-audioop-lts
drwxr-xr-x 1 fufu fufu    0 Aug  8 08:22 mingw-w64-python-audioread
drwxr-xr-x 1 fufu fufu    0 Aug  8 08:22 mingw-w64-python-automat
drwxr-xr-x 1 fufu fufu    0 Aug  8 08:22 mingw-w64-python-autopage
drwxr-xr-x 1 fufu fufu    0 Aug  8 08:22 mingw-w64-python-autopep8
drwxr-xr-x 1 fufu fufu    0 Aug  8 08:22 mingw-w64-python-autopxd2
drwxr-xr-x 1 fufu fufu    0 Aug  8 08:22 mingw-w64-python-av
drwxr-xr-x 1 fufu fufu    0 Aug  8 08:22 mingw-w64-python-awesomeversion
drwxr-xr-x 1 fufu fufu    0 Aug  8 08:22 mingw-w64-python-babel
drwxr-xr-x 1 fufu fufu    0 Aug  8 08:22 mingw-w64-python-backcall
drwxr-xr-x 1 fufu fufu    0 Aug  8 08:22 mingw-w64-python-bcrypt
drwxr-xr-x 1 fufu fufu    0 Aug  8 08:22 mingw-w64-python-beaker
drwxr-xr-x 1 fufu fufu    0 Aug  8 08:22 mingw-w64-python-beautifulsoup4
drwxr-xr-x 1 fufu fufu    0 Aug  8 08:22 mingw-w64-python-beniget
drwxr-xr-x 1 fufu fufu    0 Aug  8 08:22 mingw-w64-python-billiard
drwxr-xr-x 1 fufu fufu    0 Aug  8 08:22 mingw-w64-python-binaryornot
drwxr-xr-x 1 fufu fufu    0 Aug  8 08:22 mingw-w64-python-binwalk
drwxr-xr-x 1 fufu fufu    0 Aug  8 08:22 mingw-w64-python-biopython
drwxr-xr-x 1 fufu fufu    0 Aug  8 08:22 mingw-w64-python-biscuits
drwxr-xr-x 1 fufu fufu    0 Aug  8 08:22 mingw-w64-python-black
drwxr-xr-x 1 fufu fufu    0 Aug  8 08:22 mingw-w64-python-bleach
drwxr-xr-x 1 fufu fufu    0 Aug  8 08:22 mingw-w64-python-blinker
drwxr-xr-x 1 fufu fufu    0 Aug  8 08:22 mingw-w64-python-boolean.py
drwxr-xr-x 1 fufu fufu    0 Aug  8 08:22 mingw-w64-python-bootstrap-flask
drwxr-xr-x 1 fufu fufu    0 Aug  8 08:22 mingw-w64-python-boto
drwxr-xr-x 1 fufu fufu    0 Aug  8 08:22 mingw-w64-python-boto3
drwxr-xr-x 1 fufu fufu    0 Aug  8 08:22 mingw-w64-python-botocore
drwxr-xr-x 1 fufu fufu    0 Aug  8 08:22 mingw-w64-python-bottle
drwxr-xr-x 1 fufu fufu    0 Aug  8 08:22 mingw-w64-python-branca
drwxr-xr-x 1 fufu fufu    0 Aug  8 08:22 mingw-w64-python-breathe
drwxr-xr-x 1 fufu fufu    0 Aug  8 08:22 mingw-w64-python-brotli
drwxr-xr-x 1 fufu fufu    0 Aug  8 08:22 mingw-w64-python-brotlicffi
drwxr-xr-x 1 fufu fufu    0 Aug  8 08:22 mingw-w64-python-bsddb3
drwxr-xr-x 1 fufu fufu    0 Aug  8 08:22 mingw-w64-python-build
drwxr-xr-x 1 fufu fufu    0 Aug  8 08:22 mingw-w64-python-cabarchive
drwxr-xr-x 1 fufu fufu    0 Aug  8 08:22 mingw-w64-python-cachecontrol
drwxr-xr-x 1 fufu fufu    0 Aug  8 08:22 mingw-w64-python-cached-property
drwxr-xr-x 1 fufu fufu    0 Aug  8 08:22 mingw-w64-python-cachetools
drwxr-xr-x 1 fufu fufu    0 Aug  8 08:22 mingw-w64-python-cachy
drwxr-xr-x 1 fufu fufu    0 Aug  8 08:22 mingw-w64-python-calver
drwxr-xr-x 1 fufu fufu    0 Aug  8 08:22 mingw-w64-python-can
drwxr-xr-x 1 fufu fufu    0 Aug  8 08:22 mingw-w64-python-cattrs
drwxr-xr-x 1 fufu fufu    0 Aug  8 08:22 mingw-w64-python-celery
drwxr-xr-x 1 fufu fufu    0 Aug  8 08:22 mingw-w64-python-cerberus
drwxr-xr-x 1 fufu fufu    0 Aug  8 08:22 mingw-w64-python-certifi
drwxr-xr-x 1 fufu fufu    0 Aug  8 08:22 mingw-w64-python-cffi
drwxr-xr-x 1 fufu fufu    0 Aug  8 08:22 mingw-w64-python-cfgv
drwxr-xr-x 1 fufu fufu    0 Aug  8 08:22 mingw-w64-python-characteristic
drwxr-xr-x 1 fufu fufu    0 Aug  8 08:22 mingw-w64-python-chardet
drwxr-xr-x 1 fufu fufu    0 Aug  8 08:22 mingw-w64-python-charset-normalizer
drwxr-xr-x 1 fufu fufu    0 Aug  8 08:22 mingw-w64-python-cleo
drwxr-xr-x 1 fufu fufu    0 Aug  8 08:22 mingw-w64-python-click
drwxr-xr-x 1 fufu fufu    0 Aug  8 08:22 mingw-w64-python-click-default-group
drwxr-xr-x 1 fufu fufu    0 Aug  8 08:22 mingw-w64-python-click-didyoumean
drwxr-xr-x 1 fufu fufu    0 Aug  8 08:22 mingw-w64-python-click-plugins
drwxr-xr-x 1 fufu fufu    0 Aug  8 08:22 mingw-w64-python-click-repl
drwxr-xr-x 1 fufu fufu    0 Aug  8 08:22 mingw-w64-python-cliff
drwxr-xr-x 1 fufu fufu    0 Aug  8 08:22 mingw-w64-python-cloudpickle
drwxr-xr-x 1 fufu fufu    0 Aug  8 08:22 mingw-w64-python-cloup
drwxr-xr-x 1 fufu fufu    0 Aug  8 08:22 mingw-w64-python-cmd2
drwxr-xr-x 1 fufu fufu    0 Aug  8 08:22 mingw-w64-python-codespell
drwxr-xr-x 1 fufu fufu    0 Aug  8 08:22 mingw-w64-python-colorama
drwxr-xr-x 1 fufu fufu    0 Aug  8 08:22 mingw-w64-python-colored-traceback
drwxr-xr-x 1 fufu fufu    0 Aug  8 08:22 mingw-w64-python-coloredlogs
drwxr-xr-x 1 fufu fufu    0 Aug  8 08:22 mingw-w64-python-colorlog
drwxr-xr-x 1 fufu fufu    0 Aug  8 08:22 mingw-w64-python-colorspacious
drwxr-xr-x 1 fufu fufu    0 Aug  8 08:22 mingw-w64-python-colour-science
drwxr-xr-x 1 fufu fufu    0 Aug  8 08:22 mingw-w64-python-comm
drwxr-xr-x 1 fufu fufu    0 Aug  8 08:22 mingw-w64-python-commonmark
drwxr-xr-x 1 fufu fufu    0 Aug  8 08:22 mingw-w64-python-comtypes
drwxr-xr-x 1 fufu fufu    0 Aug  8 08:22 mingw-w64-python-conan
drwxr-xr-x 1 fufu fufu    0 Aug  8 08:22 mingw-w64-python-conan-server
drwxr-xr-x 1 fufu fufu    0 Aug  8 08:22 mingw-w64-python-configargparse
drwxr-xr-x 1 fufu fufu    0 Aug  8 08:22 mingw-w64-python-constantly
drwxr-xr-x 1 fufu fufu    0 Aug  8 08:22 mingw-w64-python-contextlib2
drwxr-xr-x 1 fufu fufu    0 Aug  8 08:22 mingw-w64-python-contourpy
drwxr-xr-x 1 fufu fufu    0 Aug  8 08:22 mingw-w64-python-cookiecutter
drwxr-xr-x 1 fufu fufu    0 Aug  8 08:22 mingw-w64-python-coverage
drwxr-xr-x 1 fufu fufu    0 Aug  8 08:22 mingw-w64-python-cppy
drwxr-xr-x 1 fufu fufu    0 Aug  8 08:22 mingw-w64-python-crcmod
drwxr-xr-x 1 fufu fufu    0 Aug  8 08:22 mingw-w64-python-cryptography
drwxr-xr-x 1 fufu fufu    0 Aug  8 08:22 mingw-w64-python-cssselect
drwxr-xr-x 1 fufu fufu    0 Aug  8 08:22 mingw-w64-python-cssselect2
drwxr-xr-x 1 fufu fufu    0 Aug  8 08:22 mingw-w64-python-csv23
drwxr-xr-x 1 fufu fufu    0 Aug  8 08:22 mingw-w64-python-customtkinter
drwxr-xr-x 1 fufu fufu    0 Aug  8 08:22 mingw-w64-python-cvxopt
drwxr-xr-x 1 fufu fufu    0 Aug  8 08:22 mingw-w64-python-cx-freeze
drwxr-xr-x 1 fufu fufu    0 Aug  8 08:22 mingw-w64-python-cx-logging
drwxr-xr-x 1 fufu fufu    0 Aug  8 08:22 mingw-w64-python-cycler
drwxr-xr-x 1 fufu fufu    0 Aug  8 08:22 mingw-w64-python-cysignals
drwxr-xr-x 1 fufu fufu    0 Aug  8 08:22 mingw-w64-python-d2to1
drwxr-xr-x 1 fufu fufu    0 Aug  8 08:22 mingw-w64-python-darkdetect
drwxr-xr-x 1 fufu fufu    0 Aug  8 08:22 mingw-w64-python-databases
drwxr-xr-x 1 fufu fufu    0 Aug  8 08:22 mingw-w64-python-dateutil
drwxr-xr-x 1 fufu fufu    0 Aug  8 08:22 mingw-w64-python-ddt
drwxr-xr-x 1 fufu fufu    0 Aug  8 08:22 mingw-w64-python-debtcollector
drwxr-xr-x 1 fufu fufu    0 Aug  8 08:22 mingw-w64-python-debugpy
drwxr-xr-x 1 fufu fufu    0 Aug  8 08:22 mingw-w64-python-decorator
drwxr-xr-x 1 fufu fufu    0 Aug  8 08:22 mingw-w64-python-decouple
drwxr-xr-x 1 fufu fufu    0 Aug  8 08:22 mingw-w64-python-defusexml
drwxr-xr-x 1 fufu fufu    0 Aug  8 08:22 mingw-w64-python-dependency-groups
drwxr-xr-x 1 fufu fufu    0 Aug  8 08:22 mingw-w64-python-deprecated
drwxr-xr-x 1 fufu fufu    0 Aug  8 08:22 mingw-w64-python-deprecation
drwxr-xr-x 1 fufu fufu    0 Aug  8 08:22 mingw-w64-python-diff-match-patch
drwxr-xr-x 1 fufu fufu    0 Aug  8 08:22 mingw-w64-python-dill
drwxr-xr-x 1 fufu fufu    0 Aug  8 08:22 mingw-w64-python-distlib
drwxr-xr-x 1 fufu fufu    0 Aug  8 08:22 mingw-w64-python-distro
drwxr-xr-x 1 fufu fufu    0 Aug  8 08:22 mingw-w64-python-django
drwxr-xr-x 1 fufu fufu    0 Aug  8 08:22 mingw-w64-python-dnspython
drwxr-xr-x 1 fufu fufu    0 Aug  8 08:22 mingw-w64-python-docopt
drwxr-xr-x 1 fufu fufu    0 Aug  8 08:22 mingw-w64-python-docstring-to-markdown
drwxr-xr-x 1 fufu fufu    0 Aug  8 08:22 mingw-w64-python-docutils
drwxr-xr-x 1 fufu fufu    0 Aug  8 08:22 mingw-w64-python-docx
drwxr-xr-x 1 fufu fufu    0 Aug  8 08:22 mingw-w64-python-docxcompose
drwxr-xr-x 1 fufu fufu    0 Aug  8 08:22 mingw-w64-python-docxtpl
drwxr-xr-x 1 fufu fufu    0 Aug  8 08:22 mingw-w64-python-dotenv
drwxr-xr-x 1 fufu fufu    0 Aug  8 08:22 mingw-w64-python-dotty-dict
drwxr-xr-x 1 fufu fufu    0 Aug  8 08:22 mingw-w64-python-dulwich
drwxr-xr-x 1 fufu fufu    0 Aug  8 08:22 mingw-w64-python-dunamai
drwxr-xr-x 1 fufu fufu    0 Aug  8 08:22 mingw-w64-python-e3-core
drwxr-xr-x 1 fufu fufu    0 Aug  8 08:22 mingw-w64-python-ecdsa
drwxr-xr-x 1 fufu fufu    0 Aug  8 08:22 mingw-w64-python-editables
drwxr-xr-x 1 fufu fufu    0 Aug  8 08:22 mingw-w64-python-editor
drwxr-xr-x 1 fufu fufu    0 Aug  8 08:22 mingw-w64-python-elastic-transport
drwxr-xr-x 1 fufu fufu    0 Aug  8 08:22 mingw-w64-python-elasticsearch
drwxr-xr-x 1 fufu fufu    0 Aug  8 08:22 mingw-w64-python-elementpath
drwxr-xr-x 1 fufu fufu    0 Aug  8 08:22 mingw-w64-python-email-validator
drwxr-xr-x 1 fufu fufu    0 Aug  8 08:22 mingw-w64-python-emoji
drwxr-xr-x 1 fufu fufu    0 Aug  8 08:22 mingw-w64-python-entrypoints
drwxr-xr-x 1 fufu fufu    0 Aug  8 08:22 mingw-w64-python-et-xmlfile
drwxr-xr-x 1 fufu fufu    0 Aug  8 08:22 mingw-w64-python-eventlet
drwxr-xr-x 1 fufu fufu    0 Aug  8 08:22 mingw-w64-python-exceptiongroup
drwxr-xr-x 1 fufu fufu    0 Aug  8 08:22 mingw-w64-python-execnet
drwxr-xr-x 1 fufu fufu    0 Aug  8 08:22 mingw-w64-python-executing
drwxr-xr-x 1 fufu fufu    0 Aug  8 08:22 mingw-w64-python-expandvars
drwxr-xr-x 1 fufu fufu    0 Aug  8 08:22 mingw-w64-python-extras
drwxr-xr-x 1 fufu fufu    0 Aug  8 08:22 mingw-w64-python-fabric
drwxr-xr-x 1 fufu fufu    0 Aug  8 08:22 mingw-w64-python-faker
drwxr-xr-x 1 fufu fufu    0 Aug  8 08:22 mingw-w64-python-fastapi
drwxr-xr-x 1 fufu fufu    0 Aug  8 08:22 mingw-w64-python-fasteners
drwxr-xr-x 1 fufu fufu    0 Aug  8 08:22 mingw-w64-python-fastexcel
drwxr-xr-x 1 fufu fufu    0 Aug  8 08:22 mingw-w64-python-fastjsonschema
drwxr-xr-x 1 fufu fufu    0 Aug  8 08:22 mingw-w64-python-feedgenerator
drwxr-xr-x 1 fufu fufu    0 Aug  8 08:22 mingw-w64-python-fido2
drwxr-xr-x 1 fufu fufu    0 Aug  8 08:22 mingw-w64-python-filelock
drwxr-xr-x 1 fufu fufu    0 Aug  8 08:22 mingw-w64-python-findpython
drwxr-xr-x 1 fufu fufu    0 Aug  8 08:22 mingw-w64-python-fire
drwxr-xr-x 1 fufu fufu    0 Aug  8 08:22 mingw-w64-python-fixtures
drwxr-xr-x 1 fufu fufu    0 Aug  8 08:22 mingw-w64-python-flake8
drwxr-xr-x 1 fufu fufu    0 Aug  8 08:22 mingw-w64-python-flaky
drwxr-xr-x 1 fufu fufu    0 Aug  8 08:22 mingw-w64-python-flasgger
drwxr-xr-x 1 fufu fufu    0 Aug  8 08:22 mingw-w64-python-flask
drwxr-xr-x 1 fufu fufu    0 Aug  8 08:22 mingw-w64-python-flask-babel
drwxr-xr-x 1 fufu fufu    0 Aug  8 08:22 mingw-w64-python-flask-cors
drwxr-xr-x 1 fufu fufu    0 Aug  8 08:22 mingw-w64-python-flask-login
drwxr-xr-x 1 fufu fufu    0 Aug  8 08:22 mingw-w64-python-flask-marshmallow
drwxr-xr-x 1 fufu fufu    0 Aug  8 08:22 mingw-w64-python-flask-migrate
drwxr-xr-x 1 fufu fufu    0 Aug  8 08:22 mingw-w64-python-flask-sqlalchemy
drwxr-xr-x 1 fufu fufu    0 Aug  8 08:22 mingw-w64-python-flask-wtf
drwxr-xr-x 1 fufu fufu    0 Aug  8 08:22 mingw-w64-python-flexcache
drwxr-xr-x 1 fufu fufu    0 Aug  8 08:22 mingw-w64-python-flexmock
drwxr-xr-x 1 fufu fufu    0 Aug  8 08:22 mingw-w64-python-flexparser
drwxr-xr-x 1 fufu fufu    0 Aug  8 08:22 mingw-w64-python-flit
drwxr-xr-x 1 fufu fufu    0 Aug  8 08:22 mingw-w64-python-flit-core
drwxr-xr-x 1 fufu fufu    0 Aug  8 08:22 mingw-w64-python-flit-scm
drwxr-xr-x 1 fufu fufu    0 Aug  8 08:22 mingw-w64-python-folium
drwxr-xr-x 1 fufu fufu    0 Aug  8 08:22 mingw-w64-python-fonttools
drwxr-xr-x 1 fufu fufu    0 Aug  8 08:22 mingw-w64-python-ford
drwxr-xr-x 1 fufu fufu    0 Aug  8 08:22 mingw-w64-python-fortls
drwxr-xr-x 1 fufu fufu    0 Aug  8 08:22 mingw-w64-python-fpdf2
drwxr-xr-x 1 fufu fufu    0 Aug  8 08:22 mingw-w64-python-fprettify
drwxr-xr-x 1 fufu fufu    0 Aug  8 08:22 mingw-w64-python-freetype-py
drwxr-xr-x 1 fufu fufu    0 Aug  8 08:22 mingw-w64-python-freeze-core
drwxr-xr-x 1 fufu fufu    0 Aug  8 08:22 mingw-w64-python-freezegun
drwxr-xr-x 1 fufu fufu    0 Aug  8 08:22 mingw-w64-python-frozenlist
drwxr-xr-x 1 fufu fufu    0 Aug  8 08:22 mingw-w64-python-fsspec
drwxr-xr-x 1 fufu fufu    0 Aug  8 08:22 mingw-w64-python-ftfy
drwxr-xr-x 1 fufu fufu    0 Aug  8 08:22 mingw-w64-python-func-timeout
drwxr-xr-x 1 fufu fufu    0 Aug  8 08:22 mingw-w64-python-funcsigs
drwxr-xr-x 1 fufu fufu    0 Aug  8 08:22 mingw-w64-python-funcy
drwxr-xr-x 1 fufu fufu    0 Aug  8 08:22 mingw-w64-python-future
drwxr-xr-x 1 fufu fufu    0 Aug  8 08:22 mingw-w64-python-fypp
drwxr-xr-x 1 fufu fufu    0 Aug  8 08:22 mingw-w64-python-gast
drwxr-xr-x 1 fufu fufu    0 Aug  8 08:22 mingw-w64-python-gcs-oauth2-boto-plugin
drwxr-xr-x 1 fufu fufu    0 Aug  8 08:22 mingw-w64-python-genty
drwxr-xr-x 1 fufu fufu    0 Aug  8 08:22 mingw-w64-python-geoalchemy2
drwxr-xr-x 1 fufu fufu    0 Aug  8 08:22 mingw-w64-python-geographiclib
drwxr-xr-x 1 fufu fufu    0 Aug  8 08:22 mingw-w64-python-glad
drwxr-xr-x 1 fufu fufu    0 Aug  8 08:22 mingw-w64-python-glcontext
drwxr-xr-x 1 fufu fufu    0 Aug  8 08:22 mingw-w64-python-glfw
drwxr-xr-x 1 fufu fufu    0 Aug  8 08:22 mingw-w64-python-gmpy2
drwxr-xr-x 1 fufu fufu    0 Aug  8 08:22 mingw-w64-python-google-api-core
drwxr-xr-x 1 fufu fufu    0 Aug  8 08:22 mingw-w64-python-google-apitools
drwxr-xr-x 1 fufu fufu    0 Aug  8 08:22 mingw-w64-python-google-auth
drwxr-xr-x 1 fufu fufu    0 Aug  8 08:22 mingw-w64-python-google-auth-httplib2
drwxr-xr-x 1 fufu fufu    0 Aug  8 08:22 mingw-w64-python-google-auth-oauthlib
drwxr-xr-x 1 fufu fufu    0 Aug  8 08:22 mingw-w64-python-google-cloud-core
drwxr-xr-x 1 fufu fufu    0 Aug  8 08:22 mingw-w64-python-google-cloud-storage
drwxr-xr-x 1 fufu fufu    0 Aug  8 08:22 mingw-w64-python-google-crc32c
drwxr-xr-x 1 fufu fufu    0 Aug  8 08:22 mingw-w64-python-google-reauth
drwxr-xr-x 1 fufu fufu    0 Aug  8 08:22 mingw-w64-python-google-resumable-media
drwxr-xr-x 1 fufu fufu    0 Aug  8 08:22 mingw-w64-python-googleapis-common-protos
drwxr-xr-x 1 fufu fufu    0 Aug  8 08:22 mingw-w64-python-graphviz
drwxr-xr-x 1 fufu fufu    0 Aug  8 08:22 mingw-w64-python-greenlet
drwxr-xr-x 1 fufu fufu    0 Aug  8 08:22 mingw-w64-python-gssapi
drwxr-xr-x 1 fufu fufu    0 Aug  8 08:22 mingw-w64-python-gsutil
drwxr-xr-x 1 fufu fufu    0 Aug  8 08:22 mingw-w64-python-gym
drwxr-xr-x 1 fufu fufu    0 Aug  8 08:22 mingw-w64-python-gym-notices
drwxr-xr-x 1 fufu fufu    0 Aug  8 08:22 mingw-w64-python-h11
drwxr-xr-x 1 fufu fufu    0 Aug  8 08:22 mingw-w64-python-h2
drwxr-xr-x 1 fufu fufu    0 Aug  8 08:22 mingw-w64-python-h5py
drwxr-xr-x 1 fufu fufu    0 Aug  8 08:22 mingw-w64-python-h5pyd
drwxr-xr-x 1 fufu fufu    0 Aug  8 08:22 mingw-w64-python-hacking
drwxr-xr-x 1 fufu fufu    0 Aug  8 08:22 mingw-w64-python-halo
drwxr-xr-x 1 fufu fufu    0 Aug  8 08:22 mingw-w64-python-hatch-fancy-pypi-readme
drwxr-xr-x 1 fufu fufu    0 Aug  8 08:22 mingw-w64-python-hatch-jupyter-builder
drwxr-xr-x 1 fufu fufu    0 Aug  8 08:22 mingw-w64-python-hatch-nodejs-version
drwxr-xr-x 1 fufu fufu    0 Aug  8 08:22 mingw-w64-python-hatch-vcs
drwxr-xr-x 1 fufu fufu    0 Aug  8 08:22 mingw-w64-python-hatchling
drwxr-xr-x 1 fufu fufu    0 Aug  8 08:22 mingw-w64-python-hid
drwxr-xr-x 1 fufu fufu    0 Aug  8 08:22 mingw-w64-python-hightime
drwxr-xr-x 1 fufu fufu    0 Aug  8 08:22 mingw-w64-python-hiredis
drwxr-xr-x 1 fufu fufu    0 Aug  8 08:22 mingw-w64-python-hjson
drwxr-xr-x 1 fufu fufu    0 Aug  8 08:22 mingw-w64-python-hpack
drwxr-xr-x 1 fufu fufu    0 Aug  8 08:22 mingw-w64-python-html5lib
drwxr-xr-x 1 fufu fufu    0 Aug  8 08:22 mingw-w64-python-httpcore
drwxr-xr-x 1 fufu fufu    0 Aug  8 08:22 mingw-w64-python-httplib2
drwxr-xr-x 1 fufu fufu    0 Aug  8 08:22 mingw-w64-python-httpretty
drwxr-xr-x 1 fufu fufu    0 Aug  8 08:22 mingw-w64-python-httpx
drwxr-xr-x 1 fufu fufu    0 Aug  8 08:22 mingw-w64-python-humanfriendly
drwxr-xr-x 1 fufu fufu    0 Aug  8 08:22 mingw-w64-python-humanize
drwxr-xr-x 1 fufu fufu    0 Aug  8 08:22 mingw-w64-python-hunter
drwxr-xr-x 1 fufu fufu    0 Aug  8 08:22 mingw-w64-python-hyperframe
drwxr-xr-x 1 fufu fufu    0 Aug  8 08:22 mingw-w64-python-hyperlink
drwxr-xr-x 1 fufu fufu    0 Aug  8 08:22 mingw-w64-python-hypothesis
drwxr-xr-x 1 fufu fufu    0 Aug  8 08:22 mingw-w64-python-icecream
drwxr-xr-x 1 fufu fufu    0 Aug  8 08:22 mingw-w64-python-icu
drwxr-xr-x 1 fufu fufu    0 Aug  8 08:22 mingw-w64-python-id
drwxr-xr-x 1 fufu fufu    0 Aug  8 08:22 mingw-w64-python-identify
drwxr-xr-x 1 fufu fufu    0 Aug  8 08:22 mingw-w64-python-idna
drwxr-xr-x 1 fufu fufu    0 Aug  8 08:22 mingw-w64-python-ifaddr
drwxr-xr-x 1 fufu fufu    0 Aug  8 08:22 mingw-w64-python-ifstools
drwxr-xr-x 1 fufu fufu    0 Aug  8 08:22 mingw-w64-python-igraph
drwxr-xr-x 1 fufu fufu    0 Aug  8 08:22 mingw-w64-python-imagecodecs
drwxr-xr-x 1 fufu fufu    0 Aug  8 08:22 mingw-w64-python-imageio
drwxr-xr-x 1 fufu fufu    0 Aug  8 08:22 mingw-w64-python-imagesize
drwxr-xr-x 1 fufu fufu    0 Aug  8 08:22 mingw-w64-python-imbalanced-learn
drwxr-xr-x 1 fufu fufu    0 Aug  8 08:22 mingw-w64-python-imgviz
drwxr-xr-x 1 fufu fufu    0 Aug  8 08:22 mingw-w64-python-immutabledict
drwxr-xr-x 1 fufu fufu    0 Aug  8 08:22 mingw-w64-python-immutables
drwxr-xr-x 1 fufu fufu    0 Aug  8 08:22 mingw-w64-python-importlib-metadata
drwxr-xr-x 1 fufu fufu    0 Aug  8 08:22 mingw-w64-python-importlib_resources
drwxr-xr-x 1 fufu fufu    0 Aug  8 08:22 mingw-w64-python-incremental
drwxr-xr-x 1 fufu fufu    0 Aug  8 08:22 mingw-w64-python-inflect
drwxr-xr-x 1 fufu fufu    0 Aug  8 08:22 mingw-w64-python-inflection
drwxr-xr-x 1 fufu fufu    0 Aug  8 08:22 mingw-w64-python-influxdb
drwxr-xr-x 1 fufu fufu    0 Aug  8 08:22 mingw-w64-python-iniconfig
drwxr-xr-x 1 fufu fufu    0 Aug  8 08:22 mingw-w64-python-installer
drwxr-xr-x 1 fufu fufu    0 Aug  8 08:22 mingw-w64-python-intervaltree
drwxr-xr-x 1 fufu fufu    0 Aug  8 08:22 mingw-w64-python-invoke
drwxr-xr-x 1 fufu fufu    0 Aug  8 08:22 mingw-w64-python-iocapture
drwxr-xr-x 1 fufu fufu    0 Aug  8 08:22 mingw-w64-python-ipykernel
drwxr-xr-x 1 fufu fufu    0 Aug  8 08:22 mingw-w64-python-ipympl
drwxr-xr-x 1 fufu fufu    0 Aug  8 08:22 mingw-w64-python-ipython
drwxr-xr-x 1 fufu fufu    0 Aug  8 08:22 mingw-w64-python-ipython-pygments-lexers
drwxr-xr-x 1 fufu fufu    0 Aug  8 08:22 mingw-w64-python-ipython_genutils
drwxr-xr-x 1 fufu fufu    0 Aug  8 08:22 mingw-w64-python-ipywidgets
drwxr-xr-x 1 fufu fufu    0 Aug  8 08:22 mingw-w64-python-iso8601
drwxr-xr-x 1 fufu fufu    0 Aug  8 08:22 mingw-w64-python-isodate
drwxr-xr-x 1 fufu fufu    0 Aug  8 08:22 mingw-w64-python-isort
drwxr-xr-x 1 fufu fufu    0 Aug  8 08:22 mingw-w64-python-isosurfaces
drwxr-xr-x 1 fufu fufu    0 Aug  8 08:22 mingw-w64-python-itsdangerous
drwxr-xr-x 1 fufu fufu    0 Aug  8 08:22 mingw-w64-python-jaraco.classes
drwxr-xr-x 1 fufu fufu    0 Aug  8 08:22 mingw-w64-python-jaraco.context
drwxr-xr-x 1 fufu fufu    0 Aug  8 08:22 mingw-w64-python-jaraco.envs
drwxr-xr-x 1 fufu fufu    0 Aug  8 08:22 mingw-w64-python-jaraco.functools
drwxr-xr-x 1 fufu fufu    0 Aug  8 08:22 mingw-w64-python-jaraco.itertools
drwxr-xr-x 1 fufu fufu    0 Aug  8 08:22 mingw-w64-python-jaraco.path
drwxr-xr-x 1 fufu fufu    0 Aug  8 08:22 mingw-w64-python-jdcal
drwxr-xr-x 1 fufu fufu    0 Aug  8 08:22 mingw-w64-python-jedi
drwxr-xr-x 1 fufu fufu    0 Aug  8 08:22 mingw-w64-python-jellyfish
drwxr-xr-x 1 fufu fufu    0 Aug  8 08:22 mingw-w64-python-jinja
drwxr-xr-x 1 fufu fufu    0 Aug  8 08:22 mingw-w64-python-jinja-docs
drwxr-xr-x 1 fufu fufu    0 Aug  8 08:22 mingw-w64-python-jinja2-time
drwxr-xr-x 1 fufu fufu    0 Aug  8 08:22 mingw-w64-python-jmespath
drwxr-xr-x 1 fufu fufu    0 Aug  8 08:22 mingw-w64-python-joblib
drwxr-xr-x 1 fufu fufu    0 Aug  8 08:22 mingw-w64-python-json-logger
drwxr-xr-x 1 fufu fufu    0 Aug  8 08:22 mingw-w64-python-json-rpc
drwxr-xr-x 1 fufu fufu    0 Aug  8 08:22 mingw-w64-python-json5
drwxr-xr-x 1 fufu fufu    0 Aug  8 08:22 mingw-w64-python-jsonpatch
drwxr-xr-x 1 fufu fufu    0 Aug  8 08:22 mingw-w64-python-jsonpath-ng
drwxr-xr-x 1 fufu fufu    0 Aug  8 08:22 mingw-w64-python-jsonpointer
drwxr-xr-x 1 fufu fufu    0 Aug  8 08:22 mingw-w64-python-jsonrpc-server
drwxr-xr-x 1 fufu fufu    0 Aug  8 08:22 mingw-w64-python-jsonschema
drwxr-xr-x 1 fufu fufu    0 Aug  8 08:22 mingw-w64-python-jsonschema-specifications
drwxr-xr-x 1 fufu fufu    0 Aug  8 08:22 mingw-w64-python-jupyter-events
drwxr-xr-x 1 fufu fufu    0 Aug  8 08:22 mingw-w64-python-jupyter-lsp
drwxr-xr-x 1 fufu fufu    0 Aug  8 08:22 mingw-w64-python-jupyter-nbclassic
drwxr-xr-x 1 fufu fufu    0 Aug  8 08:22 mingw-w64-python-jupyter-nbclient
drwxr-xr-x 1 fufu fufu    0 Aug  8 08:22 mingw-w64-python-jupyter-nbconvert
drwxr-xr-x 1 fufu fufu    0 Aug  8 08:22 mingw-w64-python-jupyter-nbformat
drwxr-xr-x 1 fufu fufu    0 Aug  8 08:22 mingw-w64-python-jupyter-nbviewer
drwxr-xr-x 1 fufu fufu    0 Aug  8 08:22 mingw-w64-python-jupyter-server-terminals
drwxr-xr-x 1 fufu fufu    0 Aug  8 08:22 mingw-w64-python-jupyter-threejs-sage
drwxr-xr-x 1 fufu fufu    0 Aug  8 08:22 mingw-w64-python-jupyter_client
drwxr-xr-x 1 fufu fufu    0 Aug  8 08:22 mingw-w64-python-jupyter_console
drwxr-xr-x 1 fufu fufu    0 Aug  8 08:22 mingw-w64-python-jupyter_core
drwxr-xr-x 1 fufu fufu    0 Aug  8 08:22 mingw-w64-python-jupyter_notebook
drwxr-xr-x 1 fufu fufu    0 Aug  8 08:22 mingw-w64-python-jupyter_notebook_shim
drwxr-xr-x 1 fufu fufu    0 Aug  8 08:22 mingw-w64-python-jupyter_server
drwxr-xr-x 1 fufu fufu    0 Aug  8 08:22 mingw-w64-python-jupyterlab
drwxr-xr-x 1 fufu fufu    0 Aug  8 08:22 mingw-w64-python-jupyterlab-pygments
drwxr-xr-x 1 fufu fufu    0 Aug  8 08:22 mingw-w64-python-jupyterlab-server
drwxr-xr-x 1 fufu fufu    0 Aug  8 08:22 mingw-w64-python-jupyterlab-widgets
drwxr-xr-x 1 fufu fufu    0 Aug  8 08:22 mingw-w64-python-kbinxml
drwxr-xr-x 1 fufu fufu    0 Aug  8 08:22 mingw-w64-python-keras
drwxr-xr-x 1 fufu fufu    0 Aug  8 08:22 mingw-w64-python-keras_applications
drwxr-xr-x 1 fufu fufu    0 Aug  8 08:22 mingw-w64-python-keras_preprocessing
drwxr-xr-x 1 fufu fufu    0 Aug  8 08:22 mingw-w64-python-keyboard
drwxr-xr-x 1 fufu fufu    0 Aug  8 08:22 mingw-w64-python-keyring
drwxr-xr-x 1 fufu fufu    0 Aug  8 08:22 mingw-w64-python-kiwisolver
drwxr-xr-x 1 fufu fufu    0 Aug  8 08:22 mingw-w64-python-kombu
drwxr-xr-x 1 fufu fufu    0 Aug  8 08:22 mingw-w64-python-labelme
drwxr-xr-x 1 fufu fufu    0 Aug  8 08:22 mingw-w64-python-language-server
drwxr-xr-x 1 fufu fufu    0 Aug  8 08:22 mingw-w64-python-lark-parser
drwxr-xr-x 1 fufu fufu    0 Aug  8 08:22 mingw-w64-python-lazy-loader
drwxr-xr-x 1 fufu fufu    0 Aug  8 08:22 mingw-w64-python-lazy-object-proxy
drwxr-xr-x 1 fufu fufu    0 Aug  8 08:22 mingw-w64-python-ldap
drwxr-xr-x 1 fufu fufu    0 Aug  8 08:22 mingw-w64-python-ldap3
drwxr-xr-x 1 fufu fufu    0 Aug  8 08:22 mingw-w64-python-levenshtein
drwxr-xr-x 1 fufu fufu    0 Aug  8 08:22 mingw-w64-python-lhafile
drwxr-xr-x 1 fufu fufu    0 Aug  8 08:22 mingw-w64-python-librosa
drwxr-xr-x 1 fufu fufu    0 Aug  8 08:22 mingw-w64-python-librt
drwxr-xr-x 1 fufu fufu    0 Aug  8 08:22 mingw-w64-python-libsass
drwxr-xr-x 1 fufu fufu    0 Aug  8 08:22 mingw-w64-python-license-expression
drwxr-xr-x 1 fufu fufu    0 Aug  8 08:22 mingw-w64-python-lief
drwxr-xr-x 1 fufu fufu    0 Aug  8 08:22 mingw-w64-python-llvmlite
drwxr-xr-x 1 fufu fufu    0 Aug  8 08:22 mingw-w64-python-lmdb
drwxr-xr-x 1 fufu fufu    0 Aug  8 08:22 mingw-w64-python-log_symbols
drwxr-xr-x 1 fufu fufu    0 Aug  8 08:22 mingw-w64-python-lrcalc
drwxr-xr-x 1 fufu fufu    0 Aug  8 08:22 mingw-w64-python-lsp-black
drwxr-xr-x 1 fufu fufu    0 Aug  8 08:22 mingw-w64-python-lsp-jsonrpc
drwxr-xr-x 1 fufu fufu    0 Aug  8 08:22 mingw-w64-python-lsp-ruff
drwxr-xr-x 1 fufu fufu    0 Aug  8 08:22 mingw-w64-python-lsp-server
drwxr-xr-x 1 fufu fufu    0 Aug  8 08:22 mingw-w64-python-lsprotocol
drwxr-xr-x 1 fufu fufu    0 Aug  8 08:22 mingw-w64-python-lws
drwxr-xr-x 1 fufu fufu    0 Aug  8 08:22 mingw-w64-python-lxml
drwxr-xr-x 1 fufu fufu    0 Aug  8 08:22 mingw-w64-python-lz4
drwxr-xr-x 1 fufu fufu    0 Aug  8 08:22 mingw-w64-python-lzo
drwxr-xr-x 1 fufu fufu    0 Aug  8 08:22 mingw-w64-python-mako
drwxr-xr-x 1 fufu fufu    0 Aug  8 08:22 mingw-w64-python-mallard-ducktype
drwxr-xr-x 1 fufu fufu    0 Aug  8 08:22 mingw-w64-python-manhole
drwxr-xr-x 1 fufu fufu    0 Aug  8 08:22 mingw-w64-python-manimpango
drwxr-xr-x 1 fufu fufu    0 Aug  8 08:22 mingw-w64-python-markdown
drwxr-xr-x 1 fufu fufu    0 Aug  8 08:22 mingw-w64-python-markdown-include
drwxr-xr-x 1 fufu fufu    0 Aug  8 08:22 mingw-w64-python-markdown-it-py
drwxr-xr-x 1 fufu fufu    0 Aug  8 08:22 mingw-w64-python-markdown-math
drwxr-xr-x 1 fufu fufu    0 Aug  8 08:22 mingw-w64-python-markups
drwxr-xr-x 1 fufu fufu    0 Aug  8 08:22 mingw-w64-python-markupsafe
drwxr-xr-x 1 fufu fufu    0 Aug  8 08:22 mingw-w64-python-marshmallow
drwxr-xr-x 1 fufu fufu    0 Aug  8 08:22 mingw-w64-python-marshmallow-sqlalchemy
drwxr-xr-x 1 fufu fufu    0 Aug  8 08:22 mingw-w64-python-matplotlib
drwxr-xr-x 1 fufu fufu    0 Aug  8 08:22 mingw-w64-python-matplotlib-inline
drwxr-xr-x 1 fufu fufu    0 Aug  8 08:22 mingw-w64-python-mccabe
drwxr-xr-x 1 fufu fufu    0 Aug  8 08:22 mingw-w64-python-mdit_py_plugins
drwxr-xr-x 1 fufu fufu    0 Aug  8 08:22 mingw-w64-python-mdurl
drwxr-xr-x 1 fufu fufu    0 Aug  8 08:22 mingw-w64-python-memory-allocator
drwxr-xr-x 1 fufu fufu    0 Aug  8 08:22 mingw-w64-python-meshio
drwxr-xr-x 1 fufu fufu    0 Aug  8 08:22 mingw-w64-python-milc
drwxr-xr-x 1 fufu fufu    0 Aug  8 08:22 mingw-w64-python-mimeparse
drwxr-xr-x 1 fufu fufu    0 Aug  8 08:22 mingw-w64-python-mingw-ldd
drwxr-xr-x 1 fufu fufu    0 Aug  8 08:22 mingw-w64-python-minio
drwxr-xr-x 1 fufu fufu    0 Aug  8 08:22 mingw-w64-python-mistune
drwxr-xr-x 1 fufu fufu    0 Aug  8 08:22 mingw-w64-python-ml_dtypes
drwxr-xr-x 1 fufu fufu    0 Aug  8 08:22 mingw-w64-python-mock
drwxr-xr-x 1 fufu fufu    0 Aug  8 08:22 mingw-w64-python-moderngl
drwxr-xr-x 1 fufu fufu    0 Aug  8 08:22 mingw-w64-python-moderngl-window
drwxr-xr-x 1 fufu fufu    0 Aug  8 08:22 mingw-w64-python-monotonic
drwxr-xr-x 1 fufu fufu    0 Aug  8 08:22 mingw-w64-python-more-itertools
drwxr-xr-x 1 fufu fufu    0 Aug  8 08:22 mingw-w64-python-mpi4py
drwxr-xr-x 1 fufu fufu    0 Aug  8 08:22 mingw-w64-python-mpmath
drwxr-xr-x 1 fufu fufu    0 Aug  8 08:22 mingw-w64-python-msgpack
drwxr-xr-x 1 fufu fufu    0 Aug  8 08:22 mingw-w64-python-msgspec
drwxr-xr-x 1 fufu fufu    0 Aug  8 08:22 mingw-w64-python-msilib
drwxr-xr-x 1 fufu fufu    0 Aug  8 08:22 mingw-w64-python-multidict
drwxr-xr-x 1 fufu fufu    0 Aug  8 08:22 mingw-w64-python-multipledispatch
drwxr-xr-x 1 fufu fufu    0 Aug  8 08:22 mingw-w64-python-multiprocess
drwxr-xr-x 1 fufu fufu    0 Aug  8 08:22 mingw-w64-python-mutagen
drwxr-xr-x 1 fufu fufu    0 Aug  8 08:22 mingw-w64-python-mypy_extensions
drwxr-xr-x 1 fufu fufu    0 Aug  8 08:22 mingw-w64-python-mysqlclient
drwxr-xr-x 1 fufu fufu    0 Aug  8 08:22 mingw-w64-python-myst-parser
drwxr-xr-x 1 fufu fufu    0 Aug  8 08:22 mingw-w64-python-narwhals
drwxr-xr-x 1 fufu fufu    0 Aug  8 08:22 mingw-w64-python-natsort
drwxr-xr-x 1 fufu fufu    0 Aug  8 08:22 mingw-w64-python-ndg-httpsclient
drwxr-xr-x 1 fufu fufu    0 Aug  8 08:22 mingw-w64-python-nest-asyncio
drwxr-xr-x 1 fufu fufu    0 Aug  8 08:22 mingw-w64-python-netaddr
drwxr-xr-x 1 fufu fufu    0 Aug  8 08:22 mingw-w64-python-netifaces
drwxr-xr-x 1 fufu fufu    0 Aug  8 08:22 mingw-w64-python-networkx
drwxr-xr-x 1 fufu fufu    0 Aug  8 08:22 mingw-w64-python-nh3
drwxr-xr-x 1 fufu fufu    0 Aug  8 08:22 mingw-w64-python-nidaqmx
drwxr-xr-x 1 fufu fufu    0 Aug  8 08:22 mingw-w64-python-node-semver
drwxr-xr-x 1 fufu fufu    0 Aug  8 08:22 mingw-w64-python-nodeenv
drwxr-xr-x 1 fufu fufu    0 Aug  8 08:22 mingw-w64-python-nose
drwxr-xr-x 1 fufu fufu    0 Aug  8 08:22 mingw-w64-python-nox
drwxr-xr-x 1 fufu fufu    0 Aug  8 08:22 mingw-w64-python-nuitka
drwxr-xr-x 1 fufu fufu    0 Aug  8 08:22 mingw-w64-python-numba
drwxr-xr-x 1 fufu fufu    0 Aug  8 08:22 mingw-w64-python-numexpr
drwxr-xr-x 1 fufu fufu    0 Aug  8 08:22 mingw-w64-python-numpy
drwxr-xr-x 1 fufu fufu    0 Aug  8 08:22 mingw-w64-python-numpydoc
drwxr-xr-x 1 fufu fufu    0 Aug  8 08:22 mingw-w64-python-nvchecker
drwxr-xr-x 1 fufu fufu    0 Aug  8 08:22 mingw-w64-python-nvidia-ml
drwxr-xr-x 1 fufu fufu    0 Aug  8 08:22 mingw-w64-python-oauth2client
drwxr-xr-x 1 fufu fufu    0 Aug  8 08:22 mingw-w64-python-oauthlib
drwxr-xr-x 1 fufu fufu    0 Aug  8 08:22 mingw-w64-python-olefile
drwxr-xr-x 1 fufu fufu    0 Aug  8 08:22 mingw-w64-python-openmdao
drwxr-xr-x 1 fufu fufu    0 Aug  8 08:22 mingw-w64-python-openpyxl
drwxr-xr-x 1 fufu fufu    0 Aug  8 08:22 mingw-w64-python-opt_einsum
drwxr-xr-x 1 fufu fufu    0 Aug  8 08:22 mingw-w64-python-optking
drwxr-xr-x 1 fufu fufu    0 Aug  8 08:22 mingw-w64-python-optree
drwxr-xr-x 1 fufu fufu    0 Aug  8 08:22 mingw-w64-python-ordered-set
drwxr-xr-x 1 fufu fufu    0 Aug  8 08:22 mingw-w64-python-os-win
drwxr-xr-x 1 fufu fufu    0 Aug  8 08:22 mingw-w64-python-oslo-concurrency
drwxr-xr-x 1 fufu fufu    0 Aug  8 08:22 mingw-w64-python-oslo-config
drwxr-xr-x 1 fufu fufu    0 Aug  8 08:22 mingw-w64-python-oslo-context
drwxr-xr-x 1 fufu fufu    0 Aug  8 08:22 mingw-w64-python-oslo-db
drwxr-xr-x 1 fufu fufu    0 Aug  8 08:22 mingw-w64-python-oslo-i18n
drwxr-xr-x 1 fufu fufu    0 Aug  8 08:22 mingw-w64-python-oslo-log
drwxr-xr-x 1 fufu fufu    0 Aug  8 08:22 mingw-w64-python-oslo-serialization
drwxr-xr-x 1 fufu fufu    0 Aug  8 08:22 mingw-w64-python-oslo-utils
drwxr-xr-x 1 fufu fufu    0 Aug  8 08:22 mingw-w64-python-oslosphinx
drwxr-xr-x 1 fufu fufu    0 Aug  8 08:22 mingw-w64-python-oslotest
drwxr-xr-x 1 fufu fufu    0 Aug  8 08:22 mingw-w64-python-outcome
drwxr-xr-x 1 fufu fufu    0 Aug  8 08:22 mingw-w64-python-overrides
drwxr-xr-x 1 fufu fufu    0 Aug  8 08:22 mingw-w64-python-owslib
drwxr-xr-x 1 fufu fufu    0 Aug  8 08:22 mingw-w64-python-pacdb
drwxr-xr-x 1 fufu fufu    0 Aug  8 08:22 mingw-w64-python-packaging
drwxr-xr-x 1 fufu fufu    0 Aug  8 08:22 mingw-w64-python-pallets-sphinx-themes
drwxr-xr-x 1 fufu fufu    0 Aug  8 08:22 mingw-w64-python-pamqp
drwxr-xr-x 1 fufu fufu    0 Aug  8 08:22 mingw-w64-python-pandas
drwxr-xr-x 1 fufu fufu    0 Aug  8 08:22 mingw-w64-python-pandocfilters
drwxr-xr-x 1 fufu fufu    0 Aug  8 08:22 mingw-w64-python-parameterized
drwxr-xr-x 1 fufu fufu    0 Aug  8 08:22 mingw-w64-python-paramiko
drwxr-xr-x 1 fufu fufu    0 Aug  8 08:22 mingw-w64-python-parso
drwxr-xr-x 1 fufu fufu    0 Aug  8 08:22 mingw-w64-python-passlib
drwxr-xr-x 1 fufu fufu    0 Aug  8 08:22 mingw-w64-python-pastel
drwxr-xr-x 1 fufu fufu    0 Aug  8 08:22 mingw-w64-python-patch-ng
drwxr-xr-x 1 fufu fufu    0 Aug  8 08:22 mingw-w64-python-path
drwxr-xr-x 1 fufu fufu    0 Aug  8 08:22 mingw-w64-python-pathspec
drwxr-xr-x 1 fufu fufu    0 Aug  8 08:22 mingw-w64-python-patool
drwxr-xr-x 1 fufu fufu    0 Aug  8 08:22 mingw-w64-python-patsy
drwxr-xr-x 1 fufu fufu    0 Aug  8 08:22 mingw-w64-python-pbr
drwxr-xr-x 1 fufu fufu    0 Aug  8 08:22 mingw-w64-python-pbs-installer
drwxr-xr-x 1 fufu fufu    0 Aug  8 08:22 mingw-w64-python-pcpp
drwxr-xr-x 1 fufu fufu    0 Aug  8 08:22 mingw-w64-python-pdfminer
drwxr-xr-x 1 fufu fufu    0 Aug  8 08:22 mingw-w64-python-pdfrw
drwxr-xr-x 1 fufu fufu    0 Aug  8 08:22 mingw-w64-python-pdm-backend
drwxr-xr-x 1 fufu fufu    0 Aug  8 08:22 mingw-w64-python-pebble
drwxr-xr-x 1 fufu fufu    0 Aug  8 08:22 mingw-w64-python-pefile
drwxr-xr-x 1 fufu fufu    0 Aug  8 08:22 mingw-w64-python-pesq
drwxr-xr-x 1 fufu fufu    0 Aug  8 08:22 mingw-w64-python-pexpect
drwxr-xr-x 1 fufu fufu    0 Aug  8 08:22 mingw-w64-python-pgen2
drwxr-xr-x 1 fufu fufu    0 Aug  8 08:22 mingw-w64-python-pglive
drwxr-xr-x 1 fufu fufu    0 Aug  8 08:22 mingw-w64-python-pi-heif
drwxr-xr-x 1 fufu fufu    0 Aug  8 08:22 mingw-w64-python-pickleshare
drwxr-xr-x 1 fufu fufu    0 Aug  8 08:22 mingw-w64-python-pika
drwxr-xr-x 1 fufu fufu    0 Aug  8 08:22 mingw-w64-python-pikepdf
drwxr-xr-x 1 fufu fufu    0 Aug  8 08:22 mingw-w64-python-pillow
drwxr-xr-x 1 fufu fufu    0 Aug  8 08:22 mingw-w64-python-pint
drwxr-xr-x 1 fufu fufu    0 Aug  8 08:22 mingw-w64-python-pip
drwxr-xr-x 1 fufu fufu    0 Aug  8 08:22 mingw-w64-python-pip-tools
drwxr-xr-x 1 fufu fufu    0 Aug  8 08:22 mingw-w64-python-pipenv
drwxr-xr-x 1 fufu fufu    0 Aug  8 08:22 mingw-w64-python-pipx
drwxr-xr-x 1 fufu fufu    0 Aug  8 08:22 mingw-w64-python-pivy
drwxr-xr-x 1 fufu fufu    0 Aug  8 08:22 mingw-w64-python-pkg-resources
drwxr-xr-x 1 fufu fufu    0 Aug  8 08:22 mingw-w64-python-pkgconfig
drwxr-xr-x 1 fufu fufu    0 Aug  8 08:22 mingw-w64-python-pkginfo
drwxr-xr-x 1 fufu fufu    0 Aug  8 08:22 mingw-w64-python-platformdirs
drwxr-xr-x 1 fufu fufu    0 Aug  8 08:22 mingw-w64-python-plotly
drwxr-xr-x 1 fufu fufu    0 Aug  8 08:22 mingw-w64-python-pluggy
drwxr-xr-x 1 fufu fufu    0 Aug  8 08:22 mingw-w64-python-pluginbase
drwxr-xr-x 1 fufu fufu    0 Aug  8 08:22 mingw-w64-python-plumbum
drwxr-xr-x 1 fufu fufu    0 Aug  8 08:22 mingw-w64-python-ply
drwxr-xr-x 1 fufu fufu    0 Aug  8 08:22 mingw-w64-python-poetry
drwxr-xr-x 1 fufu fufu    0 Aug  8 08:22 mingw-w64-python-poetry-core
drwxr-xr-x 1 fufu fufu    0 Aug  8 08:22 mingw-w64-python-poetry-dynamic-versioning
drwxr-xr-x 1 fufu fufu    0 Aug  8 08:22 mingw-w64-python-poetry-plugin-export
drwxr-xr-x 1 fufu fufu    0 Aug  8 08:22 mingw-w64-python-poetry-plugin-shell
drwxr-xr-x 1 fufu fufu    0 Aug  8 08:22 mingw-w64-python-polars
drwxr-xr-x 1 fufu fufu    0 Aug  8 08:22 mingw-w64-python-pooch
drwxr-xr-x 1 fufu fufu    0 Aug  8 08:22 mingw-w64-python-poyo
drwxr-xr-x 1 fufu fufu    0 Aug  8 08:22 mingw-w64-python-pptx
drwxr-xr-x 1 fufu fufu    0 Aug  8 08:22 mingw-w64-python-pre-commit
drwxr-xr-x 1 fufu fufu    0 Aug  8 08:22 mingw-w64-python-pretend
drwxr-xr-x 1 fufu fufu    0 Aug  8 08:22 mingw-w64-python-prettytable
drwxr-xr-x 1 fufu fufu    0 Aug  8 08:22 mingw-w64-python-priority
drwxr-xr-x 1 fufu fufu    0 Aug  8 08:22 mingw-w64-python-progress
drwxr-xr-x 1 fufu fufu    0 Aug  8 08:22 mingw-w64-python-prometheus-client
drwxr-xr-x 1 fufu fufu    0 Aug  8 08:22 mingw-w64-python-prompt_toolkit
drwxr-xr-x 1 fufu fufu    0 Aug  8 08:22 mingw-w64-python-propcache
drwxr-xr-x 1 fufu fufu    0 Aug  8 08:22 mingw-w64-python-proto-plus
drwxr-xr-x 1 fufu fufu    0 Aug  8 08:22 mingw-w64-python-protobuf
drwxr-xr-x 1 fufu fufu    0 Aug  8 08:22 mingw-w64-python-psleak
drwxr-xr-x 1 fufu fufu    0 Aug  8 08:22 mingw-w64-python-psutil
drwxr-xr-x 1 fufu fufu    0 Aug  8 08:22 mingw-w64-python-psycopg2
drwxr-xr-x 1 fufu fufu    0 Aug  8 08:22 mingw-w64-python-ptpython
drwxr-xr-x 1 fufu fufu    0 Aug  8 08:22 mingw-w64-python-ptyprocess
drwxr-xr-x 1 fufu fufu    0 Aug  8 08:22 mingw-w64-python-pure-eval
drwxr-xr-x 1 fufu fufu    0 Aug  8 08:22 mingw-w64-python-purl
drwxr-xr-x 1 fufu fufu    0 Aug  8 08:22 mingw-w64-python-py-cpuinfo
drwxr-xr-x 1 fufu fufu    0 Aug  8 08:22 mingw-w64-python-py2exe
drwxr-xr-x 1 fufu fufu    0 Aug  8 08:22 mingw-w64-python-pyamg
drwxr-xr-x 1 fufu fufu    0 Aug  8 08:22 mingw-w64-python-pyaml
drwxr-xr-x 1 fufu fufu    0 Aug  8 08:22 mingw-w64-python-pyarrow
drwxr-xr-x 1 fufu fufu    0 Aug  8 08:22 mingw-w64-python-pyasn1
drwxr-xr-x 1 fufu fufu    0 Aug  8 08:22 mingw-w64-python-pyasn1-modules
drwxr-xr-x 1 fufu fufu    0 Aug  8 08:22 mingw-w64-python-pybase64
drwxr-xr-x 1 fufu fufu    0 Aug  8 08:22 mingw-w64-python-pybox2d
drwxr-xr-x 1 fufu fufu    0 Aug  8 08:22 mingw-w64-python-pycares
drwxr-xr-x 1 fufu fufu    0 Aug  8 08:22 mingw-w64-python-pycodestyle
drwxr-xr-x 1 fufu fufu    0 Aug  8 08:22 mingw-w64-python-pycountry
drwxr-xr-x 1 fufu fufu    0 Aug  8 08:22 mingw-w64-python-pycparser
drwxr-xr-x 1 fufu fufu    0 Aug  8 08:22 mingw-w64-python-pycryptodome
drwxr-xr-x 1 fufu fufu    0 Aug  8 08:22 mingw-w64-python-pycryptodomex
drwxr-xr-x 1 fufu fufu    0 Aug  8 08:22 mingw-w64-python-pycurl
drwxr-xr-x 1 fufu fufu    0 Aug  8 08:22 mingw-w64-python-pydantic
drwxr-xr-x 1 fufu fufu    0 Aug  8 08:22 mingw-w64-python-pydantic-core
drwxr-xr-x 1 fufu fufu    0 Aug  8 08:22 mingw-w64-python-pydocstyle
drwxr-xr-x 1 fufu fufu    0 Aug  8 08:22 mingw-w64-python-pydoe2
drwxr-xr-x 1 fufu fufu    0 Aug  8 08:22 mingw-w64-python-pydub
drwxr-xr-x 1 fufu fufu    0 Aug  8 08:22 mingw-w64-python-pyelftools
drwxr-xr-x 1 fufu fufu    0 Aug  8 08:22 mingw-w64-python-pyfastbti
drwxr-xr-x 1 fufu fufu    0 Aug  8 08:22 mingw-w64-python-pyfasttextureutils
drwxr-xr-x 1 fufu fufu    0 Aug  8 08:22 mingw-w64-python-pyfdt
drwxr-xr-x 1 fufu fufu    0 Aug  8 08:22 mingw-w64-python-pyfilesystem2
drwxr-xr-x 1 fufu fufu    0 Aug  8 08:22 mingw-w64-python-pyflakes
drwxr-xr-x 1 fufu fufu    0 Aug  8 08:22 mingw-w64-python-pyft232
drwxr-xr-x 1 fufu fufu    0 Aug  8 08:22 mingw-w64-python-pygad
drwxr-xr-x 1 fufu fufu    0 Aug  8 08:22 mingw-w64-python-pygame
drwxr-xr-x 1 fufu fufu    0 Aug  8 08:22 mingw-w64-python-pygccxml
drwxr-xr-x 1 fufu fufu    0 Aug  8 08:22 mingw-w64-python-pygit2
drwxr-xr-x 1 fufu fufu    0 Aug  8 08:22 mingw-w64-python-pygithub
drwxr-xr-x 1 fufu fufu    0 Aug  8 08:22 mingw-w64-python-pyglet
drwxr-xr-x 1 fufu fufu    0 Aug  8 08:22 mingw-w64-python-pyglm
drwxr-xr-x 1 fufu fufu    0 Aug  8 08:22 mingw-w64-python-pygls
drwxr-xr-x 1 fufu fufu    0 Aug  8 08:22 mingw-w64-python-pygments
drwxr-xr-x 1 fufu fufu    0 Aug  8 08:22 mingw-w64-python-pygments-docs
drwxr-xr-x 1 fufu fufu    0 Aug  8 08:22 mingw-w64-python-pygments-github-lexers
drwxr-xr-x 1 fufu fufu    0 Aug  8 08:22 mingw-w64-python-pygobject-stubs
drwxr-xr-x 1 fufu fufu    0 Aug  8 08:22 mingw-w64-python-pyhamcrest
drwxr-xr-x 1 fufu fufu    0 Aug  8 08:22 mingw-w64-python-pyjwt
drwxr-xr-x 1 fufu fufu    0 Aug  8 08:22 mingw-w64-python-pykwalify
drwxr-xr-x 1 fufu fufu    0 Aug  8 08:22 mingw-w64-python-pylablib
drwxr-xr-x 1 fufu fufu    0 Aug  8 08:22 mingw-w64-python-pylev
drwxr-xr-x 1 fufu fufu    0 Aug  8 08:22 mingw-w64-python-pylint
drwxr-xr-x 1 fufu fufu    0 Aug  8 08:22 mingw-w64-python-pylint-venv
drwxr-xr-x 1 fufu fufu    0 Aug  8 08:22 mingw-w64-python-pyls-spyder
drwxr-xr-x 1 fufu fufu    0 Aug  8 08:22 mingw-w64-python-pylsqpack
drwxr-xr-x 1 fufu fufu    0 Aug  8 08:22 mingw-w64-python-pymi
drwxr-xr-x 1 fufu fufu    0 Aug  8 08:22 mingw-w64-python-pymupdf
drwxr-xr-x 1 fufu fufu    0 Aug  8 08:22 mingw-w64-python-pynacl
drwxr-xr-x 1 fufu fufu    0 Aug  8 08:22 mingw-w64-python-pynndescent
drwxr-xr-x 1 fufu fufu    0 Aug  8 08:22 mingw-w64-python-pynput
drwxr-xr-x 1 fufu fufu    0 Aug  8 08:22 mingw-w64-python-pynvim
drwxr-xr-x 1 fufu fufu    0 Aug  8 08:22 mingw-w64-python-pyodbc
drwxr-xr-x 1 fufu fufu    0 Aug  8 08:22 mingw-w64-python-pyopengl
drwxr-xr-x 1 fufu fufu    0 Aug  8 08:22 mingw-w64-python-pyopengl-accelerate
drwxr-xr-x 1 fufu fufu    0 Aug  8 08:22 mingw-w64-python-pyopenssl
drwxr-xr-x 1 fufu fufu    0 Aug  8 08:22 mingw-w64-python-pyparsing
drwxr-xr-x 1 fufu fufu    0 Aug  8 08:22 mingw-w64-python-pyperclip
drwxr-xr-x 1 fufu fufu    0 Aug  8 08:22 mingw-w64-python-pyphen
drwxr-xr-x 1 fufu fufu    0 Aug  8 08:22 mingw-w64-python-pypng
drwxr-xr-x 1 fufu fufu    0 Aug  8 08:22 mingw-w64-python-pyproj
drwxr-xr-x 1 fufu fufu    0 Aug  8 08:22 mingw-w64-python-pyproject-api
drwxr-xr-x 1 fufu fufu    0 Aug  8 08:22 mingw-w64-python-pyproject-hooks
drwxr-xr-x 1 fufu fufu    0 Aug  8 08:22 mingw-w64-python-pyproject-metadata
drwxr-xr-x 1 fufu fufu    0 Aug  8 08:22 mingw-w64-python-pyqtgraph
drwxr-xr-x 1 fufu fufu    0 Aug  8 08:22 mingw-w64-python-pyreadline3
drwxr-xr-x 1 fufu fufu    0 Aug  8 08:22 mingw-w64-python-pyrr
drwxr-xr-x 1 fufu fufu    0 Aug  8 08:22 mingw-w64-python-pyrsistent
drwxr-xr-x 1 fufu fufu    0 Aug  8 08:22 mingw-w64-python-pyscroll
drwxr-xr-x 1 fufu fufu    0 Aug  8 08:22 mingw-w64-python-pysequoia
drwxr-xr-x 1 fufu fufu    0 Aug  8 08:22 mingw-w64-python-pyserial
drwxr-xr-x 1 fufu fufu    0 Aug  8 08:22 mingw-w64-python-pysfcgal
drwxr-xr-x 1 fufu fufu    0 Aug  8 08:22 mingw-w64-python-pyshp
drwxr-xr-x 1 fufu fufu    0 Aug  8 08:22 mingw-w64-python-pysocks
drwxr-xr-x 1 fufu fufu    0 Aug  8 08:22 mingw-w64-python-pyspnego
drwxr-xr-x 1 fufu fufu    0 Aug  8 08:22 mingw-w64-python-pystac
drwxr-xr-x 1 fufu fufu    0 Aug  8 08:22 mingw-w64-python-pystemmer
drwxr-xr-x 1 fufu fufu    0 Aug  8 08:22 mingw-w64-python-pystoi
drwxr-xr-x 1 fufu fufu    0 Aug  8 08:22 mingw-w64-python-pyswarm
drwxr-xr-x 1 fufu fufu    0 Aug  8 08:22 mingw-w64-python-pytest
drwxr-xr-x 1 fufu fufu    0 Aug  8 08:22 mingw-w64-python-pytest-asyncio
drwxr-xr-x 1 fufu fufu    0 Aug  8 08:22 mingw-w64-python-pytest-benchmark
drwxr-xr-x 1 fufu fufu    0 Aug  8 08:22 mingw-w64-python-pytest-black
drwxr-xr-x 1 fufu fufu    0 Aug  8 08:22 mingw-w64-python-pytest-checkdocs
drwxr-xr-x 1 fufu fufu    0 Aug  8 08:22 mingw-w64-python-pytest-cov
drwxr-xr-x 1 fufu fufu    0 Aug  8 08:22 mingw-w64-python-pytest-datafiles
drwxr-xr-x 1 fufu fufu    0 Aug  8 08:22 mingw-w64-python-pytest-enabler
drwxr-xr-x 1 fufu fufu    0 Aug  8 08:22 mingw-w64-python-pytest-expect
drwxr-xr-x 1 fufu fufu    0 Aug  8 08:22 mingw-w64-python-pytest-fixture-config
drwxr-xr-x 1 fufu fufu    0 Aug  8 08:22 mingw-w64-python-pytest-flake8
drwxr-xr-x 1 fufu fufu    0 Aug  8 08:22 mingw-w64-python-pytest-isort
drwxr-xr-x 1 fufu fufu    0 Aug  8 08:22 mingw-w64-python-pytest-localserver
drwxr-xr-x 1 fufu fufu    0 Aug  8 08:22 mingw-w64-python-pytest-mock
drwxr-xr-x 1 fufu fufu    0 Aug  8 08:22 mingw-w64-python-pytest-mpl
drwxr-xr-x 1 fufu fufu    0 Aug  8 08:22 mingw-w64-python-pytest-rerunfailures
drwxr-xr-x 1 fufu fufu    0 Aug  8 08:22 mingw-w64-python-pytest-shutil
drwxr-xr-x 1 fufu fufu    0 Aug  8 08:22 mingw-w64-python-pytest-subprocess
drwxr-xr-x 1 fufu fufu    0 Aug  8 08:22 mingw-w64-python-pytest-timeout
drwxr-xr-x 1 fufu fufu    0 Aug  8 08:22 mingw-w64-python-pytest-virtualenv
drwxr-xr-x 1 fufu fufu    0 Aug  8 08:22 mingw-w64-python-pytest-xdist
drwxr-xr-x 1 fufu fufu    0 Aug  8 08:22 mingw-w64-python-python-discovery
drwxr-xr-x 1 fufu fufu    0 Aug  8 08:22 mingw-w64-python-python-multipart
drwxr-xr-x 1 fufu fufu    0 Aug  8 08:22 mingw-w64-python-pythran
drwxr-xr-x 1 fufu fufu    0 Aug  8 08:22 mingw-w64-python-pytmx
drwxr-xr-x 1 fufu fufu    0 Aug  8 08:22 mingw-w64-python-pytokens
drwxr-xr-x 1 fufu fufu    0 Aug  8 08:22 mingw-w64-python-pytoolconfig
drwxr-xr-x 1 fufu fufu    0 Aug  8 08:22 mingw-w64-python-pytorch
drwxr-xr-x 1 fufu fufu    0 Aug  8 08:22 mingw-w64-python-pytz
drwxr-xr-x 1 fufu fufu    0 Aug  8 08:22 mingw-w64-python-pyu2f
drwxr-xr-x 1 fufu fufu    0 Aug  8 08:22 mingw-w64-python-pyuca
drwxr-xr-x 1 fufu fufu    0 Aug  8 08:22 mingw-w64-python-pyusb
drwxr-xr-x 1 fufu fufu    0 Aug  8 08:22 mingw-w64-python-pyvcd
drwxr-xr-x 1 fufu fufu    0 Aug  8 08:22 mingw-w64-python-pyvda
drwxr-xr-x 1 fufu fufu    0 Aug  8 08:22 mingw-w64-python-pyvisa
drwxr-xr-x 1 fufu fufu    0 Aug  8 08:22 mingw-w64-python-pywavelets
drwxr-xr-x 1 fufu fufu    0 Aug  8 08:22 mingw-w64-python-pywin32
drwxr-xr-x 1 fufu fufu    0 Aug  8 08:22 mingw-w64-python-pywin32-ctypes
drwxr-xr-x 1 fufu fufu    0 Aug  8 08:22 mingw-w64-python-pywinpty
drwxr-xr-x 1 fufu fufu    0 Aug  8 08:22 mingw-w64-python-pyzmq
drwxr-xr-x 1 fufu fufu    0 Aug  8 08:22 mingw-w64-python-pyzopfli
drwxr-xr-x 1 fufu fufu    0 Aug  8 08:22 mingw-w64-python-qasync
drwxr-xr-x 1 fufu fufu    0 Aug  8 08:22 mingw-w64-python-qcelemental
drwxr-xr-x 1 fufu fufu    0 Aug  8 08:22 mingw-w64-python-qcengine
drwxr-xr-x 1 fufu fufu    0 Aug  8 08:22 mingw-w64-python-qdarkstyle
drwxr-xr-x 1 fufu fufu    0 Aug  8 08:22 mingw-w64-python-qmk
drwxr-xr-x 1 fufu fufu    0 Aug  8 08:22 mingw-w64-python-qstylizer
drwxr-xr-x 1 fufu fufu    0 Aug  8 08:22 mingw-w64-python-qtawesome
drwxr-xr-x 1 fufu fufu    0 Aug  8 08:22 mingw-w64-python-qtconsole
drwxr-xr-x 1 fufu fufu    0 Aug  8 08:22 mingw-w64-python-qtpy
drwxr-xr-x 1 fufu fufu    0 Aug  8 08:22 mingw-w64-python-quart
drwxr-xr-x 1 fufu fufu    0 Aug  8 08:22 mingw-w64-python-rapidfuzz
drwxr-xr-x 1 fufu fufu    0 Aug  8 08:22 mingw-w64-python-rawpy
drwxr-xr-x 1 fufu fufu    0 Aug  8 08:22 mingw-w64-python-rdflib
drwxr-xr-x 1 fufu fufu    0 Aug  8 08:22 mingw-w64-python-re-assert
drwxr-xr-x 1 fufu fufu    0 Aug  8 08:22 mingw-w64-python-readme-renderer
drwxr-xr-x 1 fufu fufu    0 Aug  8 08:22 mingw-w64-python-redis
drwxr-xr-x 1 fufu fufu    0 Aug  8 08:22 mingw-w64-python-referencing
drwxr-xr-x 1 fufu fufu    0 Aug  8 08:22 mingw-w64-python-regex
drwxr-xr-x 1 fufu fufu    0 Aug  8 08:22 mingw-w64-python-rencode
drwxr-xr-x 1 fufu fufu    0 Aug  8 08:22 mingw-w64-python-reportlab
drwxr-xr-x 1 fufu fufu    0 Aug  8 08:22 mingw-w64-python-requests
drwxr-xr-x 1 fufu fufu    0 Aug  8 08:22 mingw-w64-python-requests-cache
drwxr-xr-x 1 fufu fufu    0 Aug  8 08:22 mingw-w64-python-requests-kerberos
drwxr-xr-x 1 fufu fufu    0 Aug  8 08:22 mingw-w64-python-requests-mock
drwxr-xr-x 1 fufu fufu    0 Aug  8 08:22 mingw-w64-python-requests-oauthlib
drwxr-xr-x 1 fufu fufu    0 Aug  8 08:22 mingw-w64-python-requests-toolbelt
drwxr-xr-x 1 fufu fufu    0 Aug  8 08:22 mingw-w64-python-requests-unixsocket
drwxr-xr-x 1 fufu fufu    0 Aug  8 08:22 mingw-w64-python-resampy
drwxr-xr-x 1 fufu fufu    0 Aug  8 08:22 mingw-w64-python-resolvelib
drwxr-xr-x 1 fufu fufu    0 Aug  8 08:22 mingw-w64-python-responses
drwxr-xr-x 1 fufu fufu    0 Aug  8 08:22 mingw-w64-python-retry-decorator
drwxr-xr-x 1 fufu fufu    0 Aug  8 08:22 mingw-w64-python-retrying
drwxr-xr-x 1 fufu fufu    0 Aug  8 08:22 mingw-w64-python-rfc3339-validator
drwxr-xr-x 1 fufu fufu    0 Aug  8 08:22 mingw-w64-python-rfc3986
drwxr-xr-x 1 fufu fufu    0 Aug  8 08:22 mingw-w64-python-rfc3986-validator
drwxr-xr-x 1 fufu fufu    0 Aug  8 08:22 mingw-w64-python-rfc3987
drwxr-xr-x 1 fufu fufu    0 Aug  8 08:22 mingw-w64-python-rich
drwxr-xr-x 1 fufu fufu    0 Aug  8 08:22 mingw-w64-python-rich-argparse
drwxr-xr-x 1 fufu fufu    0 Aug  8 08:22 mingw-w64-python-rlpycairo
drwxr-xr-x 1 fufu fufu    0 Aug  8 08:22 mingw-w64-python-roman-numerals
drwxr-xr-x 1 fufu fufu    0 Aug  8 08:22 mingw-w64-python-rope
drwxr-xr-x 1 fufu fufu    0 Aug  8 08:22 mingw-w64-python-rpds-py
drwxr-xr-x 1 fufu fufu    0 Aug  8 08:22 mingw-w64-python-rpyc
drwxr-xr-x 1 fufu fufu    0 Aug  8 08:22 mingw-w64-python-rsa
drwxr-xr-x 1 fufu fufu    0 Aug  8 08:22 mingw-w64-python-rst2pdf
drwxr-xr-x 1 fufu fufu    0 Aug  8 08:22 mingw-w64-python-rtree
drwxr-xr-x 1 fufu fufu    0 Aug  8 08:22 mingw-w64-python-ruamel-yaml
drwxr-xr-x 1 fufu fufu    0 Aug  8 08:22 mingw-w64-python-ruamel.yaml.clib
drwxr-xr-x 1 fufu fufu    0 Aug  8 08:22 mingw-w64-python-s3transfer
drwxr-xr-x 1 fufu fufu    0 Aug  8 08:22 mingw-w64-python-scandir
drwxr-xr-x 1 fufu fufu    0 Aug  8 08:22 mingw-w64-python-schema
drwxr-xr-x 1 fufu fufu    0 Aug  8 08:22 mingw-w64-python-scikit-build
drwxr-xr-x 1 fufu fufu    0 Aug  8 08:22 mingw-w64-python-scikit-build-core
drwxr-xr-x 1 fufu fufu    0 Aug  8 08:22 mingw-w64-python-scikit-image
drwxr-xr-x 1 fufu fufu    0 Aug  8 08:22 mingw-w64-python-scikit-learn
drwxr-xr-x 1 fufu fufu    0 Aug  8 08:22 mingw-w64-python-scipy
drwxr-xr-x 1 fufu fufu    0 Aug  8 08:22 mingw-w64-python-scooby
drwxr-xr-x 1 fufu fufu    0 Aug  8 08:22 mingw-w64-python-screeninfo
drwxr-xr-x 1 fufu fufu    0 Aug  8 08:22 mingw-w64-python-scripttest
drwxr-xr-x 1 fufu fufu    0 Aug  8 08:22 mingw-w64-python-seaborn
drwxr-xr-x 1 fufu fufu    0 Aug  8 08:22 mingw-w64-python-semantic-version
drwxr-xr-x 1 fufu fufu    0 Aug  8 08:22 mingw-w64-python-semver
drwxr-xr-x 1 fufu fufu    0 Aug  8 08:22 mingw-w64-python-send2trash
drwxr-xr-x 1 fufu fufu    0 Aug  8 08:22 mingw-w64-python-service-identity
drwxr-xr-x 1 fufu fufu    0 Aug  8 08:22 mingw-w64-python-setproctitle
drwxr-xr-x 1 fufu fufu    0 Aug  8 08:22 mingw-w64-python-setuptools
drwxr-xr-x 1 fufu fufu    0 Aug  8 08:22 mingw-w64-python-setuptools-git
drwxr-xr-x 1 fufu fufu    0 Aug  8 08:22 mingw-w64-python-setuptools-git-versioning
drwxr-xr-x 1 fufu fufu    0 Aug  8 08:22 mingw-w64-python-setuptools-reproducible
drwxr-xr-x 1 fufu fufu    0 Aug  8 08:22 mingw-w64-python-setuptools-rust
drwxr-xr-x 1 fufu fufu    0 Aug  8 08:22 mingw-w64-python-setuptools-scm
drwxr-xr-x 1 fufu fufu    0 Aug  8 08:22 mingw-w64-python-setuptools-scm-git-archive
drwxr-xr-x 1 fufu fufu    0 Aug  8 08:22 mingw-w64-python-shapely
drwxr-xr-x 1 fufu fufu    0 Aug  8 08:22 mingw-w64-python-shellingham
drwxr-xr-x 1 fufu fufu    0 Aug  8 08:22 mingw-w64-python-shtab
drwxr-xr-x 1 fufu fufu    0 Aug  8 08:22 mingw-w64-python-similarity_measures
drwxr-xr-x 1 fufu fufu    0 Aug  8 08:22 mingw-w64-python-simplegeneric
drwxr-xr-x 1 fufu fufu    0 Aug  8 08:22 mingw-w64-python-six
drwxr-xr-x 1 fufu fufu    0 Aug  8 08:22 mingw-w64-python-skia-pathops
drwxr-xr-x 1 fufu fufu    0 Aug  8 08:22 mingw-w64-python-slugify
drwxr-xr-x 1 fufu fufu    0 Aug  8 08:22 mingw-w64-python-smartypants
drwxr-xr-x 1 fufu fufu    0 Aug  8 08:22 mingw-w64-python-sniffio
drwxr-xr-x 1 fufu fufu    0 Aug  8 08:22 mingw-w64-python-snowballstemmer
drwxr-xr-x 1 fufu fufu    0 Aug  8 08:22 mingw-w64-python-sortedcontainers
drwxr-xr-x 1 fufu fufu    0 Aug  8 08:22 mingw-w64-python-sounddevice
drwxr-xr-x 1 fufu fufu    0 Aug  8 08:22 mingw-w64-python-soundfile
drwxr-xr-x 1 fufu fufu    0 Aug  8 08:22 mingw-w64-python-soupsieve
drwxr-xr-x 1 fufu fufu    0 Aug  8 08:22 mingw-w64-python-soxr
drwxr-xr-x 1 fufu fufu    0 Aug  8 08:22 mingw-w64-python-sphinx
drwxr-xr-x 1 fufu fufu    0 Aug  8 08:22 mingw-w64-python-sphinx-alabaster-theme
drwxr-xr-x 1 fufu fufu    0 Aug  8 08:22 mingw-w64-python-sphinx-argparse
drwxr-xr-x 1 fufu fufu    0 Aug  8 08:22 mingw-w64-python-sphinx-basic-ng
drwxr-xr-x 1 fufu fufu    0 Aug  8 08:22 mingw-w64-python-sphinx-copybutton
drwxr-xr-x 1 fufu fufu    0 Aug  8 08:22 mingw-w64-python-sphinx-issues
drwxr-xr-x 1 fufu fufu    0 Aug  8 08:22 mingw-w64-python-sphinx-lv2-theme
drwxr-xr-x 1 fufu fufu    0 Aug  8 08:22 mingw-w64-python-sphinx-notfound-page
drwxr-xr-x 1 fufu fufu    0 Aug  8 08:22 mingw-w64-python-sphinx-tabs
drwxr-xr-x 1 fufu fufu    0 Aug  8 08:22 mingw-w64-python-sphinx_rtd_theme
drwxr-xr-x 1 fufu fufu    0 Aug  8 08:22 mingw-w64-python-sphinxcontrib-applehelp
drwxr-xr-x 1 fufu fufu    0 Aug  8 08:22 mingw-w64-python-sphinxcontrib-devhelp
drwxr-xr-x 1 fufu fufu    0 Aug  8 08:22 mingw-w64-python-sphinxcontrib-github-alt
drwxr-xr-x 1 fufu fufu    0 Aug  8 08:22 mingw-w64-python-sphinxcontrib-htmlhelp
drwxr-xr-x 1 fufu fufu    0 Aug  8 08:22 mingw-w64-python-sphinxcontrib-jquery
drwxr-xr-x 1 fufu fufu    0 Aug  8 08:22 mingw-w64-python-sphinxcontrib-jsmath
drwxr-xr-x 1 fufu fufu    0 Aug  8 08:22 mingw-w64-python-sphinxcontrib-log-cabinet
drwxr-xr-x 1 fufu fufu    0 Aug  8 08:22 mingw-w64-python-sphinxcontrib-moderncmakedomain
drwxr-xr-x 1 fufu fufu    0 Aug  8 08:22 mingw-w64-python-sphinxcontrib-programoutput
drwxr-xr-x 1 fufu fufu    0 Aug  8 08:22 mingw-w64-python-sphinxcontrib-qthelp
drwxr-xr-x 1 fufu fufu    0 Aug  8 08:22 mingw-w64-python-sphinxcontrib-serializinghtml
drwxr-xr-x 1 fufu fufu    0 Aug  8 08:22 mingw-w64-python-sphinxcontrib-svg2pdfconverter
drwxr-xr-x 1 fufu fufu    0 Aug  8 08:22 mingw-w64-python-sphinxcontrib-websupport
drwxr-xr-x 1 fufu fufu    0 Aug  8 08:22 mingw-w64-python-spin
drwxr-xr-x 1 fufu fufu    0 Aug  8 08:22 mingw-w64-python-spinners
drwxr-xr-x 1 fufu fufu    0 Aug  8 08:22 mingw-w64-python-spyder
drwxr-xr-x 1 fufu fufu    0 Aug  8 08:22 mingw-w64-python-spyder-kernels
drwxr-xr-x 1 fufu fufu    0 Aug  8 08:22 mingw-w64-python-sqlalchemy
drwxr-xr-x 1 fufu fufu    0 Aug  8 08:22 mingw-w64-python-sqlitedict
drwxr-xr-x 1 fufu fufu    0 Aug  8 08:22 mingw-w64-python-sqlmodel
drwxr-xr-x 1 fufu fufu    0 Aug  8 08:22 mingw-w64-python-sqlparse
drwxr-xr-x 1 fufu fufu    0 Aug  8 08:22 mingw-w64-python-srt
drwxr-xr-x 1 fufu fufu    0 Aug  8 08:22 mingw-w64-python-sse-starlette
drwxr-xr-x 1 fufu fufu    0 Aug  8 08:22 mingw-w64-python-sspilib
drwxr-xr-x 1 fufu fufu    0 Aug  8 08:22 mingw-w64-python-stack-data
drwxr-xr-x 1 fufu fufu    0 Aug  8 08:22 mingw-w64-python-standard-aifc
drwxr-xr-x 1 fufu fufu    0 Aug  8 08:22 mingw-w64-python-standard-chunk
drwxr-xr-x 1 fufu fufu    0 Aug  8 08:22 mingw-w64-python-standard-sunau
drwxr-xr-x 1 fufu fufu    0 Aug  8 08:22 mingw-w64-python-starlette
drwxr-xr-x 1 fufu fufu    0 Aug  8 08:22 mingw-w64-python-statsd
drwxr-xr-x 1 fufu fufu    0 Aug  8 08:22 mingw-w64-python-statsmodels
drwxr-xr-x 1 fufu fufu    0 Aug  8 08:22 mingw-w64-python-stestr
drwxr-xr-x 1 fufu fufu    0 Aug  8 08:22 mingw-w64-python-stevedore
drwxr-xr-x 1 fufu fufu    0 Aug  8 08:22 mingw-w64-python-strict-rfc3339
drwxr-xr-x 1 fufu fufu    0 Aug  8 08:22 mingw-w64-python-striprtf
drwxr-xr-x 1 fufu fufu    0 Aug  8 08:22 mingw-w64-python-structlog
drwxr-xr-x 1 fufu fufu    0 Aug  8 08:22 mingw-w64-python-subunit
drwxr-xr-x 1 fufu fufu    0 Aug  8 08:22 mingw-w64-python-superqt
drwxr-xr-x 1 fufu fufu    0 Aug  8 08:22 mingw-w64-python-svgelements
drwxr-xr-x 1 fufu fufu    0 Aug  8 08:22 mingw-w64-python-svglib
drwxr-xr-x 1 fufu fufu    0 Aug  8 08:22 mingw-w64-python-sympy
drwxr-xr-x 1 fufu fufu    0 Aug  8 08:22 mingw-w64-python-tabulate
drwxr-xr-x 1 fufu fufu    0 Aug  8 08:22 mingw-w64-python-tempita
drwxr-xr-x 1 fufu fufu    0 Aug  8 08:22 mingw-w64-python-termcolor
drwxr-xr-x 1 fufu fufu    0 Aug  8 08:22 mingw-w64-python-terminado
drwxr-xr-x 1 fufu fufu    0 Aug  8 08:22 mingw-w64-python-test2ref
drwxr-xr-x 1 fufu fufu    0 Aug  8 08:22 mingw-w64-python-testpath
drwxr-xr-x 1 fufu fufu    0 Aug  8 08:22 mingw-w64-python-testrepository
drwxr-xr-x 1 fufu fufu    0 Aug  8 08:22 mingw-w64-python-testresources
drwxr-xr-x 1 fufu fufu    0 Aug  8 08:22 mingw-w64-python-testscenarios
drwxr-xr-x 1 fufu fufu    0 Aug  8 08:22 mingw-w64-python-testtools
drwxr-xr-x 1 fufu fufu    0 Aug  8 08:22 mingw-w64-python-text-unidecode
drwxr-xr-x 1 fufu fufu    0 Aug  8 08:22 mingw-w64-python-textdistance
drwxr-xr-x 1 fufu fufu    0 Aug  8 08:22 mingw-w64-python-texttable
drwxr-xr-x 1 fufu fufu    0 Aug  8 08:22 mingw-w64-python-threadpoolctl
drwxr-xr-x 1 fufu fufu    0 Aug  8 08:22 mingw-w64-python-three-merge
drwxr-xr-x 1 fufu fufu    0 Aug  8 08:22 mingw-w64-python-tifffile
drwxr-xr-x 1 fufu fufu    0 Aug  8 08:22 mingw-w64-python-tinyaes
drwxr-xr-x 1 fufu fufu    0 Aug  8 08:22 mingw-w64-python-tinycss2
drwxr-xr-x 1 fufu fufu    0 Aug  8 08:22 mingw-w64-python-toml
drwxr-xr-x 1 fufu fufu    0 Aug  8 08:22 mingw-w64-python-tomli
drwxr-xr-x 1 fufu fufu    0 Aug  8 08:22 mingw-w64-python-tomli-w
drwxr-xr-x 1 fufu fufu    0 Aug  8 08:22 mingw-w64-python-tomlkit
drwxr-xr-x 1 fufu fufu    0 Aug  8 08:22 mingw-w64-python-toposort
drwxr-xr-x 1 fufu fufu    0 Aug  8 08:22 mingw-w64-python-toptica-lasersdk
drwxr-xr-x 1 fufu fufu    0 Aug  8 08:22 mingw-w64-python-tornado
drwxr-xr-x 1 fufu fufu    0 Aug  8 08:22 mingw-w64-python-tox
drwxr-xr-x 1 fufu fufu    0 Aug  8 08:22 mingw-w64-python-tqdm
drwxr-xr-x 1 fufu fufu    0 Aug  8 08:22 mingw-w64-python-traitlets
drwxr-xr-x 1 fufu fufu    0 Aug  8 08:22 mingw-w64-python-trimesh
drwxr-xr-x 1 fufu fufu    0 Aug  8 08:22 mingw-w64-python-trio
drwxr-xr-x 1 fufu fufu    0 Aug  8 08:22 mingw-w64-python-trio-websocket
drwxr-xr-x 1 fufu fufu    0 Aug  8 08:22 mingw-w64-python-trove-classifiers
drwxr-xr-x 1 fufu fufu    0 Aug  8 08:22 mingw-w64-python-trustme
drwxr-xr-x 1 fufu fufu    0 Aug  8 08:22 mingw-w64-python-twisted
drwxr-xr-x 1 fufu fufu    0 Aug  8 08:22 mingw-w64-python-typeguard
drwxr-xr-x 1 fufu fufu    0 Aug  8 08:22 mingw-w64-python-typer
drwxr-xr-x 1 fufu fufu    0 Aug  8 08:22 mingw-w64-python-types-python-dateutil
drwxr-xr-x 1 fufu fufu    0 Aug  8 08:22 mingw-w64-python-types-pyyaml
drwxr-xr-x 1 fufu fufu    0 Aug  8 08:22 mingw-w64-python-typing-inspection
drwxr-xr-x 1 fufu fufu    0 Aug  8 08:22 mingw-w64-python-typing_extensions
drwxr-xr-x 1 fufu fufu    0 Aug  8 08:22 mingw-w64-python-typogrify
drwxr-xr-x 1 fufu fufu    0 Aug  8 08:22 mingw-w64-python-tzdata
drwxr-xr-x 1 fufu fufu    0 Aug  8 08:22 mingw-w64-python-tzlocal
drwxr-xr-x 1 fufu fufu    0 Aug  8 08:22 mingw-w64-python-u-msgpack
drwxr-xr-x 1 fufu fufu    0 Aug  8 08:22 mingw-w64-python-udsoncan
drwxr-xr-x 1 fufu fufu    0 Aug  8 08:22 mingw-w64-python-ufolib2
drwxr-xr-x 1 fufu fufu    0 Aug  8 08:22 mingw-w64-python-uharfbuzz
drwxr-xr-x 1 fufu fufu    0 Aug  8 08:22 mingw-w64-python-ujson
drwxr-xr-x 1 fufu fufu    0 Aug  8 08:22 mingw-w64-python-ukpostcodeparser
drwxr-xr-x 1 fufu fufu    0 Aug  8 08:22 mingw-w64-python-umap-learn
drwxr-xr-x 1 fufu fufu    0 Aug  8 08:22 mingw-w64-python-unidecode
drwxr-xr-x 1 fufu fufu    0 Aug  8 08:22 mingw-w64-python-url-normalize
drwxr-xr-x 1 fufu fufu    0 Aug  8 08:22 mingw-w64-python-urllib3
drwxr-xr-x 1 fufu fufu    0 Aug  8 08:22 mingw-w64-python-urwid
drwxr-xr-x 1 fufu fufu    0 Aug  8 08:22 mingw-w64-python-userpath
drwxr-xr-x 1 fufu fufu    0 Aug  8 08:22 mingw-w64-python-vcs-versioning
drwxr-xr-x 1 fufu fufu    0 Aug  8 08:22 mingw-w64-python-versioneer
drwxr-xr-x 1 fufu fufu    0 Aug  8 08:22 mingw-w64-python-versioningit
drwxr-xr-x 1 fufu fufu    0 Aug  8 08:22 mingw-w64-python-vine
drwxr-xr-x 1 fufu fufu    0 Aug  8 08:22 mingw-w64-python-virtualenv
drwxr-xr-x 1 fufu fufu    0 Aug  8 08:22 mingw-w64-python-virtualenv-clone
drwxr-xr-x 1 fufu fufu    0 Aug  8 08:22 mingw-w64-python-voluptuous
drwxr-xr-x 1 fufu fufu    0 Aug  8 08:22 mingw-w64-python-watchdog
drwxr-xr-x 1 fufu fufu    0 Aug  8 08:22 mingw-w64-python-watchfiles
drwxr-xr-x 1 fufu fufu    0 Aug  8 08:22 mingw-w64-python-wcag-contrast-ratio
drwxr-xr-x 1 fufu fufu    0 Aug  8 08:22 mingw-w64-python-wcwidth
drwxr-xr-x 1 fufu fufu    0 Aug  8 08:22 mingw-w64-python-webcolors
drwxr-xr-x 1 fufu fufu    0 Aug  8 08:22 mingw-w64-python-webencodings
drwxr-xr-x 1 fufu fufu    0 Aug  8 08:22 mingw-w64-python-webrtcvad
drwxr-xr-x 1 fufu fufu    0 Aug  8 08:22 mingw-w64-python-websocket-client
drwxr-xr-x 1 fufu fufu    0 Aug  8 08:22 mingw-w64-python-websockets
drwxr-xr-x 1 fufu fufu    0 Aug  8 08:22 mingw-w64-python-werkzeug
drwxr-xr-x 1 fufu fufu    0 Aug  8 08:22 mingw-w64-python-west
drwxr-xr-x 1 fufu fufu    0 Aug  8 08:22 mingw-w64-python-whatthepatch
drwxr-xr-x 1 fufu fufu    0 Aug  8 08:22 mingw-w64-python-wheel
drwxr-xr-x 1 fufu fufu    0 Aug  8 08:22 mingw-w64-python-whoosh
drwxr-xr-x 1 fufu fufu    0 Aug  8 08:22 mingw-w64-python-win_inet_pton
drwxr-xr-x 1 fufu fufu    0 Aug  8 08:22 mingw-w64-python-win_unicode_console
drwxr-xr-x 1 fufu fufu    0 Aug  8 08:22 mingw-w64-python-winkerberos
drwxr-xr-x 1 fufu fufu    0 Aug  8 08:22 mingw-w64-python-winloop
drwxr-xr-x 1 fufu fufu    0 Aug  8 08:22 mingw-w64-python-winsdk
drwxr-xr-x 1 fufu fufu    0 Aug  8 08:22 mingw-w64-python-wmi
drwxr-xr-x 1 fufu fufu    0 Aug  8 08:22 mingw-w64-python-wordcloud
drwxr-xr-x 1 fufu fufu    0 Aug  8 08:22 mingw-w64-python-wrapt
drwxr-xr-x 1 fufu fufu    0 Aug  8 08:22 mingw-w64-python-wsproto
drwxr-xr-x 1 fufu fufu    0 Aug  8 08:22 mingw-w64-python-wtforms
drwxr-xr-x 1 fufu fufu    0 Aug  8 08:22 mingw-w64-python-xdg
drwxr-xr-x 1 fufu fufu    0 Aug  8 08:22 mingw-w64-python-xlrd
drwxr-xr-x 1 fufu fufu    0 Aug  8 08:22 mingw-w64-python-xlsxwriter
drwxr-xr-x 1 fufu fufu    0 Aug  8 08:22 mingw-w64-python-xlwt
drwxr-xr-x 1 fufu fufu    0 Aug  8 08:22 mingw-w64-python-xmlschema
drwxr-xr-x 1 fufu fufu    0 Aug  8 08:22 mingw-w64-python-xpra
drwxr-xr-x 1 fufu fufu    0 Aug  8 08:22 mingw-w64-python-xyzservices
drwxr-xr-x 1 fufu fufu    0 Aug  8 08:22 mingw-w64-python-yaml
drwxr-xr-x 1 fufu fufu    0 Aug  8 08:22 mingw-w64-python-yapf
drwxr-xr-x 1 fufu fufu    0 Aug  8 08:22 mingw-w64-python-yarl
drwxr-xr-x 1 fufu fufu    0 Aug  8 08:22 mingw-w64-python-zeroconf
drwxr-xr-x 1 fufu fufu    0 Aug  8 08:22 mingw-w64-python-zipp
drwxr-xr-x 1 fufu fufu    0 Aug  8 08:22 mingw-w64-python-zombie-imp
drwxr-xr-x 1 fufu fufu    0 Aug  8 08:22 mingw-w64-python-zope.event
drwxr-xr-x 1 fufu fufu    0 Aug  8 08:22 mingw-w64-python-zope.interface
drwxr-xr-x 1 fufu fufu    0 Aug  8 08:22 mingw-w64-python-zstandard
drwxr-xr-x 1 fufu fufu    0 Aug  8 08:22 mingw-w64-python-zxing-cpp
drwxr-xr-x 1 fufu fufu    0 Aug  8 08:22 mingw-w64-qalculate-gtk
drwxr-xr-x 1 fufu fufu    0 Aug  8 08:22 mingw-w64-qalculate-qt
drwxr-xr-x 1 fufu fufu    0 Aug  8 08:22 mingw-w64-qbittorrent
drwxr-xr-x 1 fufu fufu    0 Aug  8 08:22 mingw-w64-qbs
drwxr-xr-x 1 fufu fufu    0 Aug  8 08:22 mingw-w64-qca
drwxr-xr-x 1 fufu fufu    0 Aug  8 08:22 mingw-w64-qdia
drwxr-xr-x 1 fufu fufu    0 Aug  8 08:22 mingw-w64-qemu
drwxr-xr-x 1 fufu fufu    0 Aug  8 08:22 mingw-w64-qgis
drwxr-xr-x 1 fufu fufu    0 Aug  8 08:22 mingw-w64-qhttpengine
drwxr-xr-x 1 fufu fufu    0 Aug  8 08:22 mingw-w64-qhull
drwxr-xr-x 1 fufu fufu    0 Aug  8 08:22 mingw-w64-qjackctl
drwxr-xr-x 1 fufu fufu    0 Aug  8 08:22 mingw-w64-qmdnsengine
drwxr-xr-x 1 fufu fufu    0 Aug  8 08:22 mingw-w64-qoi
drwxr-xr-x 1 fufu fufu    0 Aug  8 08:22 mingw-w64-qownnotes
drwxr-xr-x 1 fufu fufu    0 Aug  8 08:22 mingw-w64-qpdf
drwxr-xr-x 1 fufu fufu    0 Aug  8 08:22 mingw-w64-qqc2-desktop-style
drwxr-xr-x 1 fufu fufu    0 Aug  8 08:22 mingw-w64-qrencode
drwxr-xr-x 1 fufu fufu    0 Aug  8 08:22 mingw-w64-qrtool
drwxr-xr-x 1 fufu fufu    0 Aug  8 08:22 mingw-w64-qrupdate
drwxr-xr-x 1 fufu fufu    0 Aug  8 08:22 mingw-w64-qscintilla
drwxr-xr-x 1 fufu fufu    0 Aug  8 08:22 mingw-w64-qt-advanced-docking-system
drwxr-xr-x 1 fufu fufu    0 Aug  8 08:22 mingw-w64-qt-creator
drwxr-xr-x 1 fufu fufu    0 Aug  8 08:22 mingw-w64-qt-installer-framework
drwxr-xr-x 1 fufu fufu    0 Aug  8 08:22 mingw-w64-qt5-3d
drwxr-xr-x 1 fufu fufu    0 Aug  8 08:22 mingw-w64-qt5-activeqt
drwxr-xr-x 1 fufu fufu    0 Aug  8 08:22 mingw-w64-qt5-base
drwxr-xr-x 1 fufu fufu    0 Aug  8 08:22 mingw-w64-qt5-charts
drwxr-xr-x 1 fufu fufu    0 Aug  8 08:22 mingw-w64-qt5-connectivity
drwxr-xr-x 1 fufu fufu    0 Aug  8 08:22 mingw-w64-qt5-datavis3d
drwxr-xr-x 1 fufu fufu    0 Aug  8 08:22 mingw-w64-qt5-declarative
drwxr-xr-x 1 fufu fufu    0 Aug  8 08:22 mingw-w64-qt5-doc
drwxr-xr-x 1 fufu fufu    0 Aug  8 08:22 mingw-w64-qt5-gamepad
drwxr-xr-x 1 fufu fufu    0 Aug  8 08:22 mingw-w64-qt5-graphicaleffects
drwxr-xr-x 1 fufu fufu    0 Aug  8 08:22 mingw-w64-qt5-imageformats
drwxr-xr-x 1 fufu fufu    0 Aug  8 08:22 mingw-w64-qt5-location
drwxr-xr-x 1 fufu fufu    0 Aug  8 08:22 mingw-w64-qt5-lottie
drwxr-xr-x 1 fufu fufu    0 Aug  8 08:22 mingw-w64-qt5-multimedia
drwxr-xr-x 1 fufu fufu    0 Aug  8 08:22 mingw-w64-qt5-networkauth
drwxr-xr-x 1 fufu fufu    0 Aug  8 08:22 mingw-w64-qt5-pdf
drwxr-xr-x 1 fufu fufu    0 Aug  8 08:22 mingw-w64-qt5-purchasing
drwxr-xr-x 1 fufu fufu    0 Aug  8 08:22 mingw-w64-qt5-quick3d
drwxr-xr-x 1 fufu fufu    0 Aug  8 08:22 mingw-w64-qt5-quickcontrols
drwxr-xr-x 1 fufu fufu    0 Aug  8 08:22 mingw-w64-qt5-quickcontrols2
drwxr-xr-x 1 fufu fufu    0 Aug  8 08:22 mingw-w64-qt5-quicktimeline
drwxr-xr-x 1 fufu fufu    0 Aug  8 08:22 mingw-w64-qt5-remoteobjects
drwxr-xr-x 1 fufu fufu    0 Aug  8 08:22 mingw-w64-qt5-script
drwxr-xr-x 1 fufu fufu    0 Aug  8 08:22 mingw-w64-qt5-scxml
drwxr-xr-x 1 fufu fufu    0 Aug  8 08:22 mingw-w64-qt5-sensors
drwxr-xr-x 1 fufu fufu    0 Aug  8 08:22 mingw-w64-qt5-serialbus
drwxr-xr-x 1 fufu fufu    0 Aug  8 08:22 mingw-w64-qt5-serialport
drwxr-xr-x 1 fufu fufu    0 Aug  8 08:22 mingw-w64-qt5-speech
drwxr-xr-x 1 fufu fufu    0 Aug  8 08:22 mingw-w64-qt5-static
drwxr-xr-x 1 fufu fufu    0 Aug  8 08:22 mingw-w64-qt5-svg
drwxr-xr-x 1 fufu fufu    0 Aug  8 08:22 mingw-w64-qt5-tools
drwxr-xr-x 1 fufu fufu    0 Aug  8 08:22 mingw-w64-qt5-translations
drwxr-xr-x 1 fufu fufu    0 Aug  8 08:22 mingw-w64-qt5-virtualkeyboard
drwxr-xr-x 1 fufu fufu    0 Aug  8 08:22 mingw-w64-qt5-webchannel
drwxr-xr-x 1 fufu fufu    0 Aug  8 08:22 mingw-w64-qt5-webglplugin
drwxr-xr-x 1 fufu fufu    0 Aug  8 08:22 mingw-w64-qt5-websockets
drwxr-xr-x 1 fufu fufu    0 Aug  8 08:22 mingw-w64-qt5-webview
drwxr-xr-x 1 fufu fufu    0 Aug  8 08:22 mingw-w64-qt5-winextras
drwxr-xr-x 1 fufu fufu    0 Aug  8 08:22 mingw-w64-qt5-xmlpatterns
drwxr-xr-x 1 fufu fufu    0 Aug  8 08:22 mingw-w64-qt6-3d
drwxr-xr-x 1 fufu fufu    0 Aug  8 08:22 mingw-w64-qt6-5compat
drwxr-xr-x 1 fufu fufu    0 Aug  8 08:22 mingw-w64-qt6-activeqt
drwxr-xr-x 1 fufu fufu    0 Aug  8 08:22 mingw-w64-qt6-base
drwxr-xr-x 1 fufu fufu    0 Aug  8 08:22 mingw-w64-qt6-charts
drwxr-xr-x 1 fufu fufu    0 Aug  8 08:22 mingw-w64-qt6-connectivity
drwxr-xr-x 1 fufu fufu    0 Aug  8 08:22 mingw-w64-qt6-datavis3d
drwxr-xr-x 1 fufu fufu    0 Aug  8 08:22 mingw-w64-qt6-declarative
drwxr-xr-x 1 fufu fufu    0 Aug  8 08:22 mingw-w64-qt6-doc
drwxr-xr-x 1 fufu fufu    0 Aug  8 08:22 mingw-w64-qt6-graphs
drwxr-xr-x 1 fufu fufu    0 Aug  8 08:22 mingw-w64-qt6-grpc
drwxr-xr-x 1 fufu fufu    0 Aug  8 08:22 mingw-w64-qt6-httpserver
drwxr-xr-x 1 fufu fufu    0 Aug  8 08:22 mingw-w64-qt6-imageformats
drwxr-xr-x 1 fufu fufu    0 Aug  8 08:22 mingw-w64-qt6-languageserver
drwxr-xr-x 1 fufu fufu    0 Aug  8 08:22 mingw-w64-qt6-location
drwxr-xr-x 1 fufu fufu    0 Aug  8 08:22 mingw-w64-qt6-lottie
drwxr-xr-x 1 fufu fufu    0 Aug  8 08:22 mingw-w64-qt6-mqtt
drwxr-xr-x 1 fufu fufu    0 Aug  8 08:22 mingw-w64-qt6-multimedia
drwxr-xr-x 1 fufu fufu    0 Aug  8 08:22 mingw-w64-qt6-networkauth
drwxr-xr-x 1 fufu fufu    0 Aug  8 08:22 mingw-w64-qt6-pdf
drwxr-xr-x 1 fufu fufu    0 Aug  8 08:22 mingw-w64-qt6-positioning
drwxr-xr-x 1 fufu fufu    0 Aug  8 08:22 mingw-w64-qt6-quick3d
drwxr-xr-x 1 fufu fufu    0 Aug  8 08:22 mingw-w64-qt6-quick3dphysics
drwxr-xr-x 1 fufu fufu    0 Aug  8 08:22 mingw-w64-qt6-quickeffectmaker
drwxr-xr-x 1 fufu fufu    0 Aug  8 08:22 mingw-w64-qt6-quicktimeline
drwxr-xr-x 1 fufu fufu    0 Aug  8 08:22 mingw-w64-qt6-remoteobjects
drwxr-xr-x 1 fufu fufu    0 Aug  8 08:22 mingw-w64-qt6-scxml
drwxr-xr-x 1 fufu fufu    0 Aug  8 08:22 mingw-w64-qt6-sensors
drwxr-xr-x 1 fufu fufu    0 Aug  8 08:22 mingw-w64-qt6-serialbus
drwxr-xr-x 1 fufu fufu    0 Aug  8 08:22 mingw-w64-qt6-serialport
drwxr-xr-x 1 fufu fufu    0 Aug  8 08:22 mingw-w64-qt6-shadertools
drwxr-xr-x 1 fufu fufu    0 Aug  8 08:22 mingw-w64-qt6-speech
drwxr-xr-x 1 fufu fufu    0 Aug  8 08:22 mingw-w64-qt6-static
drwxr-xr-x 1 fufu fufu    0 Aug  8 08:22 mingw-w64-qt6-svg
drwxr-xr-x 1 fufu fufu    0 Aug  8 08:22 mingw-w64-qt6-tools
drwxr-xr-x 1 fufu fufu    0 Aug  8 08:22 mingw-w64-qt6-translations
drwxr-xr-x 1 fufu fufu    0 Aug  8 08:22 mingw-w64-qt6-virtualkeyboard
drwxr-xr-x 1 fufu fufu    0 Aug  8 08:22 mingw-w64-qt6-webchannel
drwxr-xr-x 1 fufu fufu    0 Aug  8 08:22 mingw-w64-qt6-websockets
drwxr-xr-x 1 fufu fufu    0 Aug  8 08:22 mingw-w64-qt6-webview
drwxr-xr-x 1 fufu fufu    0 Aug  8 08:22 mingw-w64-qtkeychain
drwxr-xr-x 1 fufu fufu    0 Aug  8 08:22 mingw-w64-qtwebkit
drwxr-xr-x 1 fufu fufu    0 Aug  8 08:22 mingw-w64-quantlib
drwxr-xr-x 1 fufu fufu    0 Aug  8 08:22 mingw-w64-quantum-espresso
drwxr-xr-x 1 fufu fufu    0 Aug  8 08:22 mingw-w64-quarter
drwxr-xr-x 1 fufu fufu    0 Aug  8 08:22 mingw-w64-quassel
drwxr-xr-x 1 fufu fufu    0 Aug  8 08:22 mingw-w64-quazip
drwxr-xr-x 1 fufu fufu    0 Aug  8 08:22 mingw-w64-qucs-s
drwxr-xr-x 1 fufu fufu    0 Aug  8 08:22 mingw-w64-quickjs
drwxr-xr-x 1 fufu fufu    0 Aug  8 08:22 mingw-w64-quickjs-ng
drwxr-xr-x 1 fufu fufu    0 Aug  8 08:22 mingw-w64-qwen-code
drwxr-xr-x 1 fufu fufu    0 Aug  8 08:22 mingw-w64-qwt
drwxr-xr-x 1 fufu fufu    0 Aug  8 08:22 mingw-w64-qxlsx
drwxr-xr-x 1 fufu fufu    0 Aug  8 08:22 mingw-w64-qxmpp
drwxr-xr-x 1 fufu fufu    0 Aug  8 08:22 mingw-w64-qxorm
drwxr-xr-x 1 fufu fufu    0 Aug  8 08:22 mingw-w64-r
drwxr-xr-x 1 fufu fufu    0 Aug  8 08:22 mingw-w64-rabbitmq-c
drwxr-xr-x 1 fufu fufu    0 Aug  8 08:22 mingw-w64-ragel
drwxr-xr-x 1 fufu fufu    0 Aug  8 08:22 mingw-w64-range-v3
drwxr-xr-x 1 fufu fufu    0 Aug  8 08:22 mingw-w64-rankwidth
drwxr-xr-x 1 fufu fufu    0 Aug  8 08:22 mingw-w64-rapidfuzz-cpp
drwxr-xr-x 1 fufu fufu    0 Aug  8 08:22 mingw-w64-rapidjson
drwxr-xr-x 1 fufu fufu    0 Aug  8 08:22 mingw-w64-raptor
drwxr-xr-x 1 fufu fufu    0 Aug  8 08:22 mingw-w64-rasqal
drwxr-xr-x 1 fufu fufu    0 Aug  8 08:22 mingw-w64-rav1e
drwxr-xr-x 1 fufu fufu    0 Aug  8 08:22 mingw-w64-raylib
drwxr-xr-x 1 fufu fufu    0 Aug  8 08:22 mingw-w64-rcedit
drwxr-xr-x 1 fufu fufu    0 Aug  8 08:22 mingw-w64-rclone
drwxr-xr-x 1 fufu fufu    0 Aug  8 08:22 mingw-w64-re2
drwxr-xr-x 1 fufu fufu    0 Aug  8 08:22 mingw-w64-readline
drwxr-xr-x 1 fufu fufu    0 Aug  8 08:22 mingw-w64-readosm
drwxr-xr-x 1 fufu fufu    0 Aug  8 08:22 mingw-w64-readstat
drwxr-xr-x 1 fufu fufu    0 Aug  8 08:22 mingw-w64-recode
drwxr-xr-x 1 fufu fufu    0 Aug  8 08:22 mingw-w64-redis-plus-plus
drwxr-xr-x 1 fufu fufu    0 Aug  8 08:22 mingw-w64-redland
drwxr-xr-x 1 fufu fufu    0 Aug  8 08:22 mingw-w64-reflect-cpp
drwxr-xr-x 1 fufu fufu    0 Aug  8 08:22 mingw-w64-repgrep
drwxr-xr-x 1 fufu fufu    0 Aug  8 08:22 mingw-w64-restbed
drwxr-xr-x 1 fufu fufu    0 Aug  8 08:22 mingw-w64-restic
drwxr-xr-x 1 fufu fufu    0 Aug  8 08:22 mingw-w64-rhash
drwxr-xr-x 1 fufu fufu    0 Aug  8 08:22 mingw-w64-rime-bopomofo
drwxr-xr-x 1 fufu fufu    0 Aug  8 08:22 mingw-w64-rime-cangjie
drwxr-xr-x 1 fufu fufu    0 Aug  8 08:22 mingw-w64-rime-double-pinyin
drwxr-xr-x 1 fufu fufu    0 Aug  8 08:22 mingw-w64-rime-emoji
drwxr-xr-x 1 fufu fufu    0 Aug  8 08:22 mingw-w64-rime-essay
drwxr-xr-x 1 fufu fufu    0 Aug  8 08:22 mingw-w64-rime-luna-pinyin
drwxr-xr-x 1 fufu fufu    0 Aug  8 08:22 mingw-w64-rime-pinyin-simp
drwxr-xr-x 1 fufu fufu    0 Aug  8 08:22 mingw-w64-rime-prelude
drwxr-xr-x 1 fufu fufu    0 Aug  8 08:22 mingw-w64-rime-stroke
drwxr-xr-x 1 fufu fufu    0 Aug  8 08:22 mingw-w64-rime-terra-pinyin
drwxr-xr-x 1 fufu fufu    0 Aug  8 08:22 mingw-w64-rime-wubi
drwxr-xr-x 1 fufu fufu    0 Aug  8 08:22 mingw-w64-rio
drwxr-xr-x 1 fufu fufu    0 Aug  8 08:22 mingw-w64-ripgrep
drwxr-xr-x 1 fufu fufu    0 Aug  8 08:22 mingw-w64-ripgrep-all
drwxr-xr-x 1 fufu fufu    0 Aug  8 08:22 mingw-w64-ripunzip
drwxr-xr-x 1 fufu fufu    0 Aug  8 08:22 mingw-w64-riscv32-unknown-elf-binutils
drwxr-xr-x 1 fufu fufu    0 Aug  8 08:22 mingw-w64-riscv32-unknown-elf-gcc
drwxr-xr-x 1 fufu fufu    0 Aug  8 08:22 mingw-w64-riscv32-unknown-elf-newlib
drwxr-xr-x 1 fufu fufu    0 Aug  8 08:22 mingw-w64-riscv64-unknown-elf-binutils
drwxr-xr-x 1 fufu fufu    0 Aug  8 08:22 mingw-w64-riscv64-unknown-elf-gcc
drwxr-xr-x 1 fufu fufu    0 Aug  8 08:22 mingw-w64-riscv64-unknown-elf-newlib
drwxr-xr-x 1 fufu fufu    0 Aug  8 08:22 mingw-w64-rkcommon
drwxr-xr-x 1 fufu fufu    0 Aug  8 08:22 mingw-w64-rkdeveloptool
drwxr-xr-x 1 fufu fufu    0 Aug  8 08:22 mingw-w64-rnnoise
drwxr-xr-x 1 fufu fufu    0 Aug  8 08:22 mingw-w64-robin-hood-hashing
drwxr-xr-x 1 fufu fufu    0 Aug  8 08:22 mingw-w64-robin-map
drwxr-xr-x 1 fufu fufu    0 Aug  8 08:22 mingw-w64-rocksdb
drwxr-xr-x 1 fufu fufu    0 Aug  8 08:22 mingw-w64-roswell
drwxr-xr-x 1 fufu fufu    0 Aug  8 08:22 mingw-w64-rpi-imager
drwxr-xr-x 1 fufu fufu    0 Aug  8 08:22 mingw-w64-rrdtool
drwxr-xr-x 1 fufu fufu    0 Aug  8 08:22 mingw-w64-rssguard
drwxr-xr-x 1 fufu fufu    0 Aug  8 08:22 mingw-w64-rtaudio
drwxr-xr-x 1 fufu fufu    0 Aug  8 08:22 mingw-w64-rtl-sdr
drwxr-xr-x 1 fufu fufu    0 Aug  8 08:22 mingw-w64-rtl_433
drwxr-xr-x 1 fufu fufu    0 Aug  8 08:22 mingw-w64-rtmidi
drwxr-xr-x 1 fufu fufu    0 Aug  8 08:22 mingw-w64-rtmpdump
drwxr-xr-x 1 fufu fufu    0 Aug  8 08:22 mingw-w64-rubberband
drwxr-xr-x 1 fufu fufu    0 Aug  8 08:22 mingw-w64-ruby
drwxr-xr-x 1 fufu fufu    0 Aug  8 08:22 mingw-w64-ruby-dbus
drwxr-xr-x 1 fufu fufu    0 Aug  8 08:22 mingw-w64-ruby-mustache
drwxr-xr-x 1 fufu fufu    0 Aug  8 08:22 mingw-w64-ruby-native-package-installer
drwxr-xr-x 1 fufu fufu    0 Aug  8 08:22 mingw-w64-ruby-pkg-config
drwxr-xr-x 1 fufu fufu    0 Aug  8 08:22 mingw-w64-ruby-rake-compiler
drwxr-xr-x 1 fufu fufu    0 Aug  8 08:22 mingw-w64-ruby-rdiscount
drwxr-xr-x 1 fufu fufu    0 Aug  8 08:22 mingw-w64-ruc
drwxr-xr-x 1 fufu fufu    0 Aug  8 08:22 mingw-w64-ruc-vm
drwxr-xr-x 1 fufu fufu    0 Aug  8 08:22 mingw-w64-ruff
drwxr-xr-x 1 fufu fufu    0 Aug  8 08:22 mingw-w64-rufus
drwxr-xr-x 1 fufu fufu    0 Aug  8 08:22 mingw-w64-rust
drwxr-xr-x 1 fufu fufu    0 Aug  8 08:22 mingw-w64-rust-analyzer
drwxr-xr-x 1 fufu fufu    0 Aug  8 08:22 mingw-w64-rust-bindgen
drwxr-xr-x 1 fufu fufu    0 Aug  8 08:22 mingw-w64-rustfs
drwxr-xr-x 1 fufu fufu    0 Aug  8 08:22 mingw-w64-rustfs-launcher
drwxr-xr-x 1 fufu fufu    0 Aug  8 08:22 mingw-w64-rustlings
drwxr-xr-x 1 fufu fufu    0 Aug  8 08:22 mingw-w64-rustscan
drwxr-xr-x 1 fufu fufu    0 Aug  8 08:22 mingw-w64-rustup
drwxr-xr-x 1 fufu fufu    0 Aug  8 08:22 mingw-w64-rxspencer
drwxr-xr-x 1 fufu fufu    0 Aug  8 08:22 mingw-w64-s-dftd3
drwxr-xr-x 1 fufu fufu    0 Aug  8 08:22 mingw-w64-s2geometry
drwxr-xr-x 1 fufu fufu    0 Aug  8 08:22 mingw-w64-sad
drwxr-xr-x 1 fufu fufu    0 Aug  8 08:22 mingw-w64-safetyhook
drwxr-xr-x 1 fufu fufu    0 Aug  8 08:22 mingw-w64-sage-data-cunningham_tables
drwxr-xr-x 1 fufu fufu    0 Aug  8 08:22 mingw-w64-samply
drwxr-xr-x 1 fufu fufu    0 Aug  8 08:22 mingw-w64-samtools
drwxr-xr-x 1 fufu fufu    0 Aug  8 08:22 mingw-w64-sane
drwxr-xr-x 1 fufu fufu    0 Aug  8 08:22 mingw-w64-sassc
drwxr-xr-x 1 fufu fufu    0 Aug  8 08:22 mingw-w64-sbc
drwxr-xr-x 1 fufu fufu    0 Aug  8 08:22 mingw-w64-sbcl
drwxr-xr-x 1 fufu fufu    0 Aug  8 08:22 mingw-w64-scalapack
drwxr-xr-x 1 fufu fufu    0 Aug  8 08:22 mingw-w64-scc
drwxr-xr-x 1 fufu fufu    0 Aug  8 08:22 mingw-w64-sccache
drwxr-xr-x 1 fufu fufu    0 Aug  8 08:22 mingw-w64-scdoc
drwxr-xr-x 1 fufu fufu    0 Aug  8 08:22 mingw-w64-schroedinger
drwxr-xr-x 1 fufu fufu    0 Aug  8 08:22 mingw-w64-scite
drwxr-xr-x 1 fufu fufu    0 Aug  8 08:22 mingw-w64-scnlib
drwxr-xr-x 1 fufu fufu    0 Aug  8 08:22 mingw-w64-scons
drwxr-xr-x 1 fufu fufu    0 Aug  8 08:22 mingw-w64-scopehal-apps
drwxr-xr-x 1 fufu fufu    0 Aug  8 08:22 mingw-w64-scotch
drwxr-xr-x 1 fufu fufu    0 Aug  8 08:22 mingw-w64-scour
drwxr-xr-x 1 fufu fufu    0 Aug  8 08:22 mingw-w64-scrcpy
drwxr-xr-x 1 fufu fufu    0 Aug  8 08:22 mingw-w64-scribus
drwxr-xr-x 1 fufu fufu    0 Aug  8 08:22 mingw-w64-scummvm
drwxr-xr-x 1 fufu fufu    0 Aug  8 08:22 mingw-w64-sd
drwxr-xr-x 1 fufu fufu    0 Aug  8 08:22 mingw-w64-sdcc
drwxr-xr-x 1 fufu fufu    0 Aug  8 08:22 mingw-w64-sdcv
drwxr-xr-x 1 fufu fufu    0 Aug  8 08:22 mingw-w64-sdl12-compat
drwxr-xr-x 1 fufu fufu    0 Aug  8 08:22 mingw-w64-sdl3
drwxr-xr-x 1 fufu fufu    0 Aug  8 08:22 mingw-w64-sdl3-image
drwxr-xr-x 1 fufu fufu    0 Aug  8 08:22 mingw-w64-sdl3-mixer
drwxr-xr-x 1 fufu fufu    0 Aug  8 08:22 mingw-w64-sdl3-net
drwxr-xr-x 1 fufu fufu    0 Aug  8 08:22 mingw-w64-sdl3-ttf
drwxr-xr-x 1 fufu fufu    0 Aug  8 08:22 mingw-w64-seacas
drwxr-xr-x 1 fufu fufu    0 Aug  8 08:22 mingw-w64-sed
drwxr-xr-x 1 fufu fufu    0 Aug  8 08:22 mingw-w64-seexpr
drwxr-xr-x 1 fufu fufu    0 Aug  8 08:22 mingw-w64-sequoia-sq
drwxr-xr-x 1 fufu fufu    0 Aug  8 08:22 mingw-w64-serd
drwxr-xr-x 1 fufu fufu    0 Aug  8 08:22 mingw-w64-serial-studio
drwxr-xr-x 1 fufu fufu    0 Aug  8 08:22 mingw-w64-sfcgal
drwxr-xr-x 1 fufu fufu    0 Aug  8 08:22 mingw-w64-sfml
drwxr-xr-x 1 fufu fufu    0 Aug  8 08:22 mingw-w64-sgml-common
drwxr-xr-x 1 fufu fufu    0 Aug  8 08:22 mingw-w64-shaderc
drwxr-xr-x 1 fufu fufu    0 Aug  8 08:22 mingw-w64-shapelib
drwxr-xr-x 1 fufu fufu    0 Aug  8 08:22 mingw-w64-shards
drwxr-xr-x 1 fufu fufu    0 Aug  8 08:22 mingw-w64-shared-mime-info
drwxr-xr-x 1 fufu fufu    0 Aug  8 08:22 mingw-w64-shfmt
drwxr-xr-x 1 fufu fufu    0 Aug  8 08:22 mingw-w64-shim_executable
drwxr-xr-x 1 fufu fufu    0 Aug  8 08:22 mingw-w64-shine
drwxr-xr-x 1 fufu fufu    0 Aug  8 08:22 mingw-w64-shishi
drwxr-xr-x 1 fufu fufu    0 Aug  8 08:22 mingw-w64-shotcut
drwxr-xr-x 1 fufu fufu    0 Aug  8 08:22 mingw-w64-sidplayfp
drwxr-xr-x 1 fufu fufu    0 Aug  8 08:22 mingw-w64-siesta
drwxr-xr-x 1 fufu fufu    0 Aug  8 08:22 mingw-w64-sigutils
drwxr-xr-x 1 fufu fufu    0 Aug  8 08:22 mingw-w64-silc-toolkit
drwxr-xr-x 1 fufu fufu    0 Aug  8 08:22 mingw-w64-simdjson
drwxr-xr-x 1 fufu fufu    0 Aug  8 08:22 mingw-w64-simple-mail
drwxr-xr-x 1 fufu fufu    0 Aug  8 08:22 mingw-w64-simvoleon
drwxr-xr-x 1 fufu fufu    0 Aug  8 08:22 mingw-w64-sip
drwxr-xr-x 1 fufu fufu    0 Aug  8 08:22 mingw-w64-sirocco
drwxr-xr-x 1 fufu fufu    0 Aug  8 08:22 mingw-w64-skia
drwxr-xr-x 1 fufu fufu    0 Aug  8 08:22 mingw-w64-skyr-url
drwxr-xr-x 1 fufu fufu    0 Aug  8 08:22 mingw-w64-sl
drwxr-xr-x 1 fufu fufu    0 Aug  8 08:22 mingw-w64-sleef
drwxr-xr-x 1 fufu fufu    0 Aug  8 08:22 mingw-w64-slepc
drwxr-xr-x 1 fufu fufu    0 Aug  8 08:22 mingw-w64-slim-simulator
drwxr-xr-x 1 fufu fufu    0 Aug  8 08:22 mingw-w64-smpeg
drwxr-xr-x 1 fufu fufu    0 Aug  8 08:22 mingw-w64-smpeg2
drwxr-xr-x 1 fufu fufu    0 Aug  8 08:22 mingw-w64-snappy
drwxr-xr-x 1 fufu fufu    0 Aug  8 08:22 mingw-w64-snoregrowl
drwxr-xr-x 1 fufu fufu    0 Aug  8 08:22 mingw-w64-snorenotify
drwxr-xr-x 1 fufu fufu    0 Aug  8 08:22 mingw-w64-snowball
drwxr-xr-x 1 fufu fufu    0 Aug  8 08:22 mingw-w64-soapyhackrf
drwxr-xr-x 1 fufu fufu    0 Aug  8 08:22 mingw-w64-soapyrtlsdr
drwxr-xr-x 1 fufu fufu    0 Aug  8 08:22 mingw-w64-soapysdr
drwxr-xr-x 1 fufu fufu    0 Aug  8 08:22 mingw-w64-soci
drwxr-xr-x 1 fufu fufu    0 Aug  8 08:22 mingw-w64-soil
drwxr-xr-x 1 fufu fufu    0 Aug  8 08:22 mingw-w64-sol2
drwxr-xr-x 1 fufu fufu    0 Aug  8 08:22 mingw-w64-solid
drwxr-xr-x 1 fufu fufu    0 Aug  8 08:22 mingw-w64-solid3
drwxr-xr-x 1 fufu fufu    0 Aug  8 08:22 mingw-w64-sonivox
drwxr-xr-x 1 fufu fufu    0 Aug  8 08:22 mingw-w64-sonixflasher
drwxr-xr-x 1 fufu fufu    0 Aug  8 08:22 mingw-w64-sonnet
drwxr-xr-x 1 fufu fufu    0 Aug  8 08:22 mingw-w64-soqt
drwxr-xr-x 1 fufu fufu    0 Aug  8 08:22 mingw-w64-sord
drwxr-xr-x 1 fufu fufu    0 Aug  8 08:22 mingw-w64-soundtouch
drwxr-xr-x 1 fufu fufu    0 Aug  8 08:22 mingw-w64-source-highlight
drwxr-xr-x 1 fufu fufu    0 Aug  8 08:22 mingw-w64-sox
drwxr-xr-x 1 fufu fufu    0 Aug  8 08:22 mingw-w64-sox-ng
drwxr-xr-x 1 fufu fufu    0 Aug  8 08:22 mingw-w64-spandsp
drwxr-xr-x 1 fufu fufu    0 Aug  8 08:22 mingw-w64-sparsehash
drwxr-xr-x 1 fufu fufu    0 Aug  8 08:22 mingw-w64-spatialindex
drwxr-xr-x 1 fufu fufu    0 Aug  8 08:22 mingw-w64-spatialite-gui
drwxr-xr-x 1 fufu fufu    0 Aug  8 08:22 mingw-w64-spatialite-tools
drwxr-xr-x 1 fufu fufu    0 Aug  8 08:22 mingw-w64-spdlog
drwxr-xr-x 1 fufu fufu    0 Aug  8 08:22 mingw-w64-spdylay
drwxr-xr-x 1 fufu fufu    0 Aug  8 08:22 mingw-w64-spectra
drwxr-xr-x 1 fufu fufu    0 Aug  8 08:22 mingw-w64-speex
drwxr-xr-x 1 fufu fufu    0 Aug  8 08:22 mingw-w64-speexdsp
drwxr-xr-x 1 fufu fufu    0 Aug  8 08:22 mingw-w64-spglib
drwxr-xr-x 1 fufu fufu    0 Aug  8 08:22 mingw-w64-spice
drwxr-xr-x 1 fufu fufu    0 Aug  8 08:22 mingw-w64-spice-gtk
drwxr-xr-x 1 fufu fufu    0 Aug  8 08:22 mingw-w64-spice-protocol
drwxr-xr-x 1 fufu fufu    0 Aug  8 08:22 mingw-w64-spirv-cross
drwxr-xr-x 1 fufu fufu    0 Aug  8 08:22 mingw-w64-spirv-headers
drwxr-xr-x 1 fufu fufu    0 Aug  8 08:22 mingw-w64-spirv-llvm-translator
drwxr-xr-x 1 fufu fufu    0 Aug  8 08:22 mingw-w64-spirv-tools
drwxr-xr-x 1 fufu fufu    0 Aug  8 08:22 mingw-w64-spooles
drwxr-xr-x 1 fufu fufu    0 Aug  8 08:22 mingw-w64-sqlcipher
drwxr-xr-x 1 fufu fufu    0 Aug  8 08:22 mingw-w64-sqlite-orm
drwxr-xr-x 1 fufu fufu    0 Aug  8 08:22 mingw-w64-sqlite3
drwxr-xr-x 1 fufu fufu    0 Aug  8 08:22 mingw-w64-sqlite3mc
drwxr-xr-x 1 fufu fufu    0 Aug  8 08:22 mingw-w64-sqlitebrowser
drwxr-xr-x 1 fufu fufu    0 Aug  8 08:22 mingw-w64-sqlitestudio
drwxr-xr-x 1 fufu fufu    0 Aug  8 08:22 mingw-w64-squirrel
drwxr-xr-x 1 fufu fufu    0 Aug  8 08:22 mingw-w64-sratom
drwxr-xr-x 1 fufu fufu    0 Aug  8 08:22 mingw-w64-srecord
drwxr-xr-x 1 fufu fufu    0 Aug  8 08:22 mingw-w64-srt
drwxr-xr-x 1 fufu fufu    0 Aug  8 08:22 mingw-w64-sse2neon
drwxr-xr-x 1 fufu fufu    0 Aug  8 08:22 mingw-w64-starpu
drwxr-xr-x 1 fufu fufu    0 Aug  8 08:22 mingw-w64-starship
drwxr-xr-x 1 fufu fufu    0 Aug  8 08:22 mingw-w64-stb
drwxr-xr-x 1 fufu fufu    0 Aug  8 08:22 mingw-w64-stellarium
drwxr-xr-x 1 fufu fufu    0 Aug  8 08:22 mingw-w64-stk
drwxr-xr-x 1 fufu fufu    0 Aug  8 08:22 mingw-w64-stlink
drwxr-xr-x 1 fufu fufu    0 Aug  8 08:22 mingw-w64-stoken
drwxr-xr-x 1 fufu fufu    0 Aug  8 08:22 mingw-w64-stork
drwxr-xr-x 1 fufu fufu    0 Aug  8 08:22 mingw-w64-streamlink
drwxr-xr-x 1 fufu fufu    0 Aug  8 08:22 mingw-w64-strumpack
drwxr-xr-x 1 fufu fufu    0 Aug  8 08:22 mingw-w64-stxxl
drwxr-xr-x 1 fufu fufu    0 Aug  8 08:22 mingw-w64-styrene
drwxr-xr-x 1 fufu fufu    0 Aug  8 08:22 mingw-w64-suitesparse
drwxr-xr-x 1 fufu fufu    0 Aug  8 08:22 mingw-w64-sundials
drwxr-xr-x 1 fufu fufu    0 Aug  8 08:22 mingw-w64-supercollider
drwxr-xr-x 1 fufu fufu    0 Aug  8 08:22 mingw-w64-superlu
drwxr-xr-x 1 fufu fufu    0 Aug  8 08:22 mingw-w64-superlu_dist
drwxr-xr-x 1 fufu fufu    0 Aug  8 08:22 mingw-w64-superlu_mt
drwxr-xr-x 1 fufu fufu    0 Aug  8 08:22 mingw-w64-supertux
drwxr-xr-x 1 fufu fufu    0 Aug  8 08:22 mingw-w64-supertuxkart
drwxr-xr-x 1 fufu fufu    0 Aug  8 08:22 mingw-w64-surrealdb
drwxr-xr-x 1 fufu fufu    0 Aug  8 08:22 mingw-w64-svg2pdf
drwxr-xr-x 1 fufu fufu    0 Aug  8 08:22 mingw-w64-svgo
drwxr-xr-x 1 fufu fufu    0 Aug  8 08:22 mingw-w64-svgpp
drwxr-xr-x 1 fufu fufu    0 Aug  8 08:22 mingw-w64-svt-av1
drwxr-xr-x 1 fufu fufu    0 Aug  8 08:22 mingw-w64-svt-jpeg-xs
drwxr-xr-x 1 fufu fufu    0 Aug  8 08:22 mingw-w64-swi-prolog
drwxr-xr-x 1 fufu fufu    0 Aug  8 08:22 mingw-w64-swig
drwxr-xr-x 1 fufu fufu    0 Aug  8 08:22 mingw-w64-symmetrica
drwxr-xr-x 1 fufu fufu    0 Aug  8 08:22 mingw-w64-syndication
drwxr-xr-x 1 fufu fufu    0 Aug  8 08:22 mingw-w64-syntax-highlighting
drwxr-xr-x 1 fufu fufu    0 Aug  8 08:22 mingw-w64-systemc
drwxr-xr-x 1 fufu fufu    0 Aug  8 08:22 mingw-w64-t1utils
drwxr-xr-x 1 fufu fufu    0 Aug  8 08:22 mingw-w64-taglib
drwxr-xr-x 1 fufu fufu    0 Aug  8 08:22 mingw-w64-talkatu
drwxr-xr-x 1 fufu fufu    0 Aug  8 08:22 mingw-w64-taucs
drwxr-xr-x 1 fufu fufu    0 Aug  8 08:22 mingw-w64-tbb
drwxr-xr-x 1 fufu fufu    0 Aug  8 08:22 mingw-w64-tblite
drwxr-xr-x 1 fufu fufu    0 Aug  8 08:22 mingw-w64-tcl
drwxr-xr-x 1 fufu fufu    0 Aug  8 08:22 mingw-w64-tcl-nsf
drwxr-xr-x 1 fufu fufu    0 Aug  8 08:22 mingw-w64-tcllib
drwxr-xr-x 1 fufu fufu    0 Aug  8 08:22 mingw-w64-tclvfs
drwxr-xr-x 1 fufu fufu    0 Aug  8 08:22 mingw-w64-tclx
drwxr-xr-x 1 fufu fufu    0 Aug  8 08:22 mingw-w64-tea
drwxr-xr-x 1 fufu fufu    0 Aug  8 08:22 mingw-w64-tealdeer
drwxr-xr-x 1 fufu fufu    0 Aug  8 08:22 mingw-w64-teensy-loader-cli
drwxr-xr-x 1 fufu fufu    0 Aug  8 08:22 mingw-w64-template-glib
drwxr-xr-x 1 fufu fufu    0 Aug  8 08:22 mingw-w64-templates-parser
drwxr-xr-x 1 fufu fufu    0 Aug  8 08:22 mingw-w64-termcap
drwxr-xr-x 1 fufu fufu    0 Aug  8 08:22 mingw-w64-tesseract-data
drwxr-xr-x 1 fufu fufu    0 Aug  8 08:22 mingw-w64-tesseract-ocr
drwxr-xr-x 1 fufu fufu    0 Aug  8 08:22 mingw-w64-testu01
drwxr-xr-x 1 fufu fufu    0 Aug  8 08:22 mingw-w64-tetgen
drwxr-xr-x 1 fufu fufu    0 Aug  8 08:22 mingw-w64-texinfo
drwxr-xr-x 1 fufu fufu    0 Aug  8 08:22 mingw-w64-texlive-bibtex-extra
drwxr-xr-x 1 fufu fufu    0 Aug  8 08:22 mingw-w64-texlive-bin
drwxr-xr-x 1 fufu fufu    0 Aug  8 08:22 mingw-w64-texlive-core
drwxr-xr-x 1 fufu fufu    0 Aug  8 08:22 mingw-w64-texlive-extra-utils
drwxr-xr-x 1 fufu fufu    0 Aug  8 08:22 mingw-w64-texlive-font-utils
drwxr-xr-x 1 fufu fufu    0 Aug  8 08:22 mingw-w64-texlive-fonts-extra
drwxr-xr-x 1 fufu fufu    0 Aug  8 08:22 mingw-w64-texlive-fonts-recommended
drwxr-xr-x 1 fufu fufu    0 Aug  8 08:22 mingw-w64-texlive-formats-extra
drwxr-xr-x 1 fufu fufu    0 Aug  8 08:22 mingw-w64-texlive-games
drwxr-xr-x 1 fufu fufu    0 Aug  8 08:22 mingw-w64-texlive-humanities
drwxr-xr-x 1 fufu fufu    0 Aug  8 08:22 mingw-w64-texlive-lang-arabic
drwxr-xr-x 1 fufu fufu    0 Aug  8 08:22 mingw-w64-texlive-lang-chinese
drwxr-xr-x 1 fufu fufu    0 Aug  8 08:22 mingw-w64-texlive-lang-cjk
drwxr-xr-x 1 fufu fufu    0 Aug  8 08:22 mingw-w64-texlive-lang-cyrillic
drwxr-xr-x 1 fufu fufu    0 Aug  8 08:22 mingw-w64-texlive-lang-czechslovak
drwxr-xr-x 1 fufu fufu    0 Aug  8 08:22 mingw-w64-texlive-lang-english
drwxr-xr-x 1 fufu fufu    0 Aug  8 08:22 mingw-w64-texlive-lang-european
drwxr-xr-x 1 fufu fufu    0 Aug  8 08:22 mingw-w64-texlive-lang-french
drwxr-xr-x 1 fufu fufu    0 Aug  8 08:22 mingw-w64-texlive-lang-german
drwxr-xr-x 1 fufu fufu    0 Aug  8 08:22 mingw-w64-texlive-lang-greek
drwxr-xr-x 1 fufu fufu    0 Aug  8 08:22 mingw-w64-texlive-lang-italian
drwxr-xr-x 1 fufu fufu    0 Aug  8 08:22 mingw-w64-texlive-lang-japanese
drwxr-xr-x 1 fufu fufu    0 Aug  8 08:22 mingw-w64-texlive-lang-korean
drwxr-xr-x 1 fufu fufu    0 Aug  8 08:22 mingw-w64-texlive-lang-other
drwxr-xr-x 1 fufu fufu    0 Aug  8 08:22 mingw-w64-texlive-lang-polish
drwxr-xr-x 1 fufu fufu    0 Aug  8 08:22 mingw-w64-texlive-lang-portuguese
drwxr-xr-x 1 fufu fufu    0 Aug  8 08:22 mingw-w64-texlive-lang-spanish
drwxr-xr-x 1 fufu fufu    0 Aug  8 08:22 mingw-w64-texlive-latex-extra
drwxr-xr-x 1 fufu fufu    0 Aug  8 08:22 mingw-w64-texlive-latex-recommended
drwxr-xr-x 1 fufu fufu    0 Aug  8 08:22 mingw-w64-texlive-luatex
drwxr-xr-x 1 fufu fufu    0 Aug  8 08:22 mingw-w64-texlive-metapost
drwxr-xr-x 1 fufu fufu    0 Aug  8 08:22 mingw-w64-texlive-music
drwxr-xr-x 1 fufu fufu    0 Aug  8 08:22 mingw-w64-texlive-pictures
drwxr-xr-x 1 fufu fufu    0 Aug  8 08:22 mingw-w64-texlive-plain-generic
drwxr-xr-x 1 fufu fufu    0 Aug  8 08:22 mingw-w64-texlive-pstricks
drwxr-xr-x 1 fufu fufu    0 Aug  8 08:22 mingw-w64-texlive-publishers
drwxr-xr-x 1 fufu fufu    0 Aug  8 08:22 mingw-w64-texlive-science
drwxr-xr-x 1 fufu fufu    0 Aug  8 08:22 mingw-w64-texstudio
drwxr-xr-x 1 fufu fufu    0 Aug  8 08:22 mingw-w64-tfel
drwxr-xr-x 1 fufu fufu    0 Aug  8 08:22 mingw-w64-tgui
drwxr-xr-x 1 fufu fufu    0 Aug  8 08:22 mingw-w64-thorvg
drwxr-xr-x 1 fufu fufu    0 Aug  8 08:22 mingw-w64-threadweaver
drwxr-xr-x 1 fufu fufu    0 Aug  8 08:22 mingw-w64-thrift
drwxr-xr-x 1 fufu fufu    0 Aug  8 08:22 mingw-w64-tidy
drwxr-xr-x 1 fufu fufu    0 Aug  8 08:22 mingw-w64-tigervnc
drwxr-xr-x 1 fufu fufu    0 Aug  8 08:22 mingw-w64-tiled
drwxr-xr-x 1 fufu fufu    0 Aug  8 08:22 mingw-w64-tiledb
drwxr-xr-x 1 fufu fufu    0 Aug  8 08:22 mingw-w64-tiny-dnn
drwxr-xr-x 1 fufu fufu    0 Aug  8 08:22 mingw-w64-tinyexpr
drwxr-xr-x 1 fufu fufu    0 Aug  8 08:22 mingw-w64-tinyformat
drwxr-xr-x 1 fufu fufu    0 Aug  8 08:22 mingw-w64-tinymist
drwxr-xr-x 1 fufu fufu    0 Aug  8 08:22 mingw-w64-tinyxml
drwxr-xr-x 1 fufu fufu    0 Aug  8 08:22 mingw-w64-tinyxml2
drwxr-xr-x 1 fufu fufu    0 Aug  8 08:22 mingw-w64-tixi
drwxr-xr-x 1 fufu fufu    0 Aug  8 08:22 mingw-w64-tk
drwxr-xr-x 1 fufu fufu    0 Aug  8 08:22 mingw-w64-tkimg
drwxr-xr-x 1 fufu fufu    0 Aug  8 08:22 mingw-w64-tklib
drwxr-xr-x 1 fufu fufu    0 Aug  8 08:22 mingw-w64-tktable
drwxr-xr-x 1 fufu fufu    0 Aug  8 08:22 mingw-w64-tl-expected
drwxr-xr-x 1 fufu fufu    0 Aug  8 08:22 mingw-w64-tldr
drwxr-xr-x 1 fufu fufu    0 Aug  8 08:22 mingw-w64-tlfloat
drwxr-xr-x 1 fufu fufu    0 Aug  8 08:22 mingw-w64-tmxlite
drwxr-xr-x 1 fufu fufu    0 Aug  8 08:22 mingw-w64-tokei
drwxr-xr-x 1 fufu fufu    0 Aug  8 08:22 mingw-w64-tolua
drwxr-xr-x 1 fufu fufu    0 Aug  8 08:22 mingw-w64-toml-f
drwxr-xr-x 1 fufu fufu    0 Aug  8 08:22 mingw-w64-toml11
drwxr-xr-x 1 fufu fufu    0 Aug  8 08:22 mingw-w64-tomlc17
drwxr-xr-x 1 fufu fufu    0 Aug  8 08:22 mingw-w64-tomlplusplus
drwxr-xr-x 1 fufu fufu    0 Aug  8 08:22 mingw-w64-tools
drwxr-xr-x 1 fufu fufu    0 Aug  8 08:22 mingw-w64-tor
drwxr-xr-x 1 fufu fufu    0 Aug  8 08:22 mingw-w64-totem-pl-parser
drwxr-xr-x 1 fufu fufu    0 Aug  8 08:22 mingw-w64-transmission
drwxr-xr-x 1 fufu fufu    0 Aug  8 08:22 mingw-w64-tree-sitter
drwxr-xr-x 1 fufu fufu    0 Aug  8 08:22 mingw-w64-tree-sitter-c
drwxr-xr-x 1 fufu fufu    0 Aug  8 08:22 mingw-w64-tree-sitter-lua
drwxr-xr-x 1 fufu fufu    0 Aug  8 08:22 mingw-w64-tree-sitter-markdown
drwxr-xr-x 1 fufu fufu    0 Aug  8 08:22 mingw-w64-tree-sitter-query
drwxr-xr-x 1 fufu fufu    0 Aug  8 08:22 mingw-w64-tree-sitter-vim
drwxr-xr-x 1 fufu fufu    0 Aug  8 08:22 mingw-w64-tree-sitter-vimdoc
drwxr-xr-x 1 fufu fufu    0 Aug  8 08:22 mingw-w64-treedec
drwxr-xr-x 1 fufu fufu    0 Aug  8 08:22 mingw-w64-trilinos
drwxr-xr-x 1 fufu fufu    0 Aug  8 08:22 mingw-w64-trippy
drwxr-xr-x 1 fufu fufu    0 Aug  8 08:22 mingw-w64-triton
drwxr-xr-x 1 fufu fufu    0 Aug  8 08:22 mingw-w64-trompeloeil
drwxr-xr-x 1 fufu fufu    0 Aug  8 08:22 mingw-w64-trunk
drwxr-xr-x 1 fufu fufu    0 Aug  8 08:22 mingw-w64-tslib
drwxr-xr-x 1 fufu fufu    0 Aug  8 08:22 mingw-w64-ttf-cm-unicode
drwxr-xr-x 1 fufu fufu    0 Aug  8 08:22 mingw-w64-ttf-dejavu
drwxr-xr-x 1 fufu fufu    0 Aug  8 08:22 mingw-w64-ttf-nerd-fonts-symbols
drwxr-xr-x 1 fufu fufu    0 Aug  8 08:22 mingw-w64-ttf-paratype
drwxr-xr-x 1 fufu fufu    0 Aug  8 08:22 mingw-w64-ttfautohint
drwxr-xr-x 1 fufu fufu    0 Aug  8 08:22 mingw-w64-ttyd
drwxr-xr-x 1 fufu fufu    0 Aug  8 08:22 mingw-w64-tulip
drwxr-xr-x 1 fufu fufu    0 Aug  8 08:22 mingw-w64-turbo
drwxr-xr-x 1 fufu fufu    0 Aug  8 08:22 mingw-w64-tuxpaint
drwxr-xr-x 1 fufu fufu    0 Aug  8 08:22 mingw-w64-twapi
drwxr-xr-x 1 fufu fufu    0 Aug  8 08:22 mingw-w64-twine
drwxr-xr-x 1 fufu fufu    0 Aug  8 08:22 mingw-w64-twolame
drwxr-xr-x 1 fufu fufu    0 Aug  8 08:22 mingw-w64-ty
drwxr-xr-x 1 fufu fufu    0 Aug  8 08:22 mingw-w64-typescript
drwxr-xr-x 1 fufu fufu    0 Aug  8 08:22 mingw-w64-typst
drwxr-xr-x 1 fufu fufu    0 Aug  8 08:22 mingw-w64-typstyle
drwxr-xr-x 1 fufu fufu    0 Aug  8 08:22 mingw-w64-tzdata
drwxr-xr-x 1 fufu fufu    0 Aug  8 08:22 mingw-w64-uasm
drwxr-xr-x 1 fufu fufu    0 Aug  8 08:22 mingw-w64-uchardet
drwxr-xr-x 1 fufu fufu    0 Aug  8 08:22 mingw-w64-ucl
drwxr-xr-x 1 fufu fufu    0 Aug  8 08:22 mingw-w64-udis86
drwxr-xr-x 1 fufu fufu    0 Aug  8 08:22 mingw-w64-udunits
drwxr-xr-x 1 fufu fufu    0 Aug  8 08:22 mingw-w64-uhttpmock
drwxr-xr-x 1 fufu fufu    0 Aug  8 08:22 mingw-w64-umbrello
drwxr-xr-x 1 fufu fufu    0 Aug  8 08:22 mingw-w64-unbound
drwxr-xr-x 1 fufu fufu    0 Aug  8 08:22 mingw-w64-uncrustify
drwxr-xr-x 1 fufu fufu    0 Aug  8 08:22 mingw-w64-unibilium
drwxr-xr-x 1 fufu fufu    0 Aug  8 08:22 mingw-w64-unicode-character-database
drwxr-xr-x 1 fufu fufu    0 Aug  8 08:22 mingw-w64-unicorn
drwxr-xr-x 1 fufu fufu    0 Aug  8 08:22 mingw-w64-unifdef
drwxr-xr-x 1 fufu fufu    0 Aug  8 08:22 mingw-w64-unittest-cpp
drwxr-xr-x 1 fufu fufu    0 Aug  8 08:22 mingw-w64-unixodbc
drwxr-xr-x 1 fufu fufu    0 Aug  8 08:22 mingw-w64-unordered-dense
drwxr-xr-x 1 fufu fufu    0 Aug  8 08:22 mingw-w64-unpaper
drwxr-xr-x 1 fufu fufu    0 Aug  8 08:22 mingw-w64-unrar
drwxr-xr-x 1 fufu fufu    0 Aug  8 08:22 mingw-w64-upx
drwxr-xr-x 1 fufu fufu    0 Aug  8 08:22 mingw-w64-uriparser
drwxr-xr-x 1 fufu fufu    0 Aug  8 08:22 mingw-w64-usbredir
drwxr-xr-x 1 fufu fufu    0 Aug  8 08:22 mingw-w64-usbview
drwxr-xr-x 1 fufu fufu    0 Aug  8 08:22 mingw-w64-usql
drwxr-xr-x 1 fufu fufu    0 Aug  8 08:22 mingw-w64-usrsctp
drwxr-xr-x 1 fufu fufu    0 Aug  8 08:22 mingw-w64-utf8cpp
drwxr-xr-x 1 fufu fufu    0 Aug  8 08:22 mingw-w64-uthash
drwxr-xr-x 1 fufu fufu    0 Aug  8 08:22 mingw-w64-uutils-coreutils
drwxr-xr-x 1 fufu fufu    0 Aug  8 08:22 mingw-w64-uutils-diffutils
drwxr-xr-x 1 fufu fufu    0 Aug  8 08:22 mingw-w64-uutils-findutils
drwxr-xr-x 1 fufu fufu    0 Aug  8 08:22 mingw-w64-uutils-sed
drwxr-xr-x 1 fufu fufu    0 Aug  8 08:22 mingw-w64-uv
drwxr-xr-x 1 fufu fufu    0 Aug  8 08:22 mingw-w64-uvatlas
drwxr-xr-x 1 fufu fufu    0 Aug  8 08:22 mingw-w64-uvicorn
drwxr-xr-x 1 fufu fufu    0 Aug  8 08:22 mingw-w64-v8
drwxr-xr-x 1 fufu fufu    0 Aug  8 08:22 mingw-w64-vala
drwxr-xr-x 1 fufu fufu    0 Aug  8 08:22 mingw-w64-vala-language-server
drwxr-xr-x 1 fufu fufu    0 Aug  8 08:22 mingw-w64-vamp-plugin-sdk
drwxr-xr-x 1 fufu fufu    0 Aug  8 08:22 mingw-w64-vapoursynth
drwxr-xr-x 1 fufu fufu    0 Aug  8 08:22 mingw-w64-vcdimager
drwxr-xr-x 1 fufu fufu    0 Aug  8 08:22 mingw-w64-vector_blf
drwxr-xr-x 1 fufu fufu    0 Aug  8 08:22 mingw-w64-vera++
drwxr-xr-x 1 fufu fufu    0 Aug  8 08:22 mingw-w64-verdict
drwxr-xr-x 1 fufu fufu    0 Aug  8 08:22 mingw-w64-verilator
drwxr-xr-x 1 fufu fufu    0 Aug  8 08:22 mingw-w64-vhs
drwxr-xr-x 1 fufu fufu    0 Aug  8 08:22 mingw-w64-vid.stab
drwxr-xr-x 1 fufu fufu    0 Aug  8 08:22 mingw-w64-vigra
drwxr-xr-x 1 fufu fufu    0 Aug  8 08:22 mingw-w64-virglrenderer
drwxr-xr-x 1 fufu fufu    0 Aug  8 08:22 mingw-w64-virt-viewer
drwxr-xr-x 1 fufu fufu    0 Aug  8 08:22 mingw-w64-virtualpg
drwxr-xr-x 1 fufu fufu    0 Aug  8 08:22 mingw-w64-viskores
drwxr-xr-x 1 fufu fufu    0 Aug  8 08:22 mingw-w64-visualizationlibrary
drwxr-xr-x 1 fufu fufu    0 Aug  8 08:22 mingw-w64-vivid
drwxr-xr-x 1 fufu fufu    0 Aug  8 08:22 mingw-w64-vk-bootstrap
drwxr-xr-x 1 fufu fufu    0 Aug  8 08:22 mingw-w64-vlc
drwxr-xr-x 1 fufu fufu    0 Aug  8 08:22 mingw-w64-vlfeat
drwxr-xr-x 1 fufu fufu    0 Aug  8 08:22 mingw-w64-vmaf
drwxr-xr-x 1 fufu fufu    0 Aug  8 08:22 mingw-w64-vo-amrwbenc
drwxr-xr-x 1 fufu fufu    0 Aug  8 08:22 mingw-w64-volk
drwxr-xr-x 1 fufu fufu    0 Aug  8 08:22 mingw-w64-vrpn
drwxr-xr-x 1 fufu fufu    0 Aug  8 08:22 mingw-w64-vsgimgui
drwxr-xr-x 1 fufu fufu    0 Aug  8 08:22 mingw-w64-vsgpoints
drwxr-xr-x 1 fufu fufu    0 Aug  8 08:22 mingw-w64-vsgqt
drwxr-xr-x 1 fufu fufu    0 Aug  8 08:22 mingw-w64-vsgxchange
drwxr-xr-x 1 fufu fufu    0 Aug  8 08:22 mingw-w64-vss-extra
drwxr-xr-x 1 fufu fufu    0 Aug  8 08:22 mingw-w64-vss-text
drwxr-xr-x 1 fufu fufu    0 Aug  8 08:22 mingw-w64-vtk
drwxr-xr-x 1 fufu fufu    0 Aug  8 08:22 mingw-w64-vulkan-headers
drwxr-xr-x 1 fufu fufu    0 Aug  8 08:22 mingw-w64-vulkan-loader
drwxr-xr-x 1 fufu fufu    0 Aug  8 08:22 mingw-w64-vulkan-memory-allocator
drwxr-xr-x 1 fufu fufu    0 Aug  8 08:22 mingw-w64-vulkan-utility-libraries
drwxr-xr-x 1 fufu fufu    0 Aug  8 08:22 mingw-w64-vulkan-validation-layers
drwxr-xr-x 1 fufu fufu    0 Aug  8 08:22 mingw-w64-vulkan-volk
drwxr-xr-x 1 fufu fufu    0 Aug  8 08:22 mingw-w64-vulkanscenegraph
drwxr-xr-x 1 fufu fufu    0 Aug  8 08:22 mingw-w64-w3c-mathml2
drwxr-xr-x 1 fufu fufu    0 Aug  8 08:22 mingw-w64-wabt
drwxr-xr-x 1 fufu fufu    0 Aug  8 08:22 mingw-w64-wac
drwxr-xr-x 1 fufu fufu    0 Aug  8 08:22 mingw-w64-waf
drwxr-xr-x 1 fufu fufu    0 Aug  8 08:22 mingw-w64-wakatime
drwxr-xr-x 1 fufu fufu    0 Aug  8 08:22 mingw-w64-wannier90
drwxr-xr-x 1 fufu fufu    0 Aug  8 08:22 mingw-w64-wasi-compiler-rt
drwxr-xr-x 1 fufu fufu    0 Aug  8 08:22 mingw-w64-wasi-libc
drwxr-xr-x 1 fufu fufu    0 Aug  8 08:22 mingw-w64-wasi-libc++
drwxr-xr-x 1 fufu fufu    0 Aug  8 08:22 mingw-w64-wasm-bindgen
drwxr-xr-x 1 fufu fufu    0 Aug  8 08:22 mingw-w64-wasm-component-ld
drwxr-xr-x 1 fufu fufu    0 Aug  8 08:22 mingw-w64-wasm-pack
drwxr-xr-x 1 fufu fufu    0 Aug  8 08:22 mingw-w64-wasm-pkg-tools
drwxr-xr-x 1 fufu fufu    0 Aug  8 08:22 mingw-w64-wasm-server-runner
drwxr-xr-x 1 fufu fufu    0 Aug  8 08:22 mingw-w64-wasm-tools
drwxr-xr-x 1 fufu fufu    0 Aug  8 08:22 mingw-w64-wasmer
drwxr-xr-x 1 fufu fufu    0 Aug  8 08:22 mingw-w64-wasmtime
drwxr-xr-x 1 fufu fufu    0 Aug  8 08:22 mingw-w64-watchexec
drwxr-xr-x 1 fufu fufu    0 Aug  8 08:22 mingw-w64-wavpack
drwxr-xr-x 1 fufu fufu    0 Aug  8 08:22 mingw-w64-wb32-dfu-updater_cli
drwxr-xr-x 1 fufu fufu    0 Aug  8 08:22 mingw-w64-webp-pixbuf-loader
drwxr-xr-x 1 fufu fufu    0 Aug  8 08:22 mingw-w64-webrtc-audio-processing
drwxr-xr-x 1 fufu fufu    0 Aug  8 08:22 mingw-w64-webrtc-audio-processing-1
drwxr-xr-x 1 fufu fufu    0 Aug  8 08:22 mingw-w64-webview
drwxr-xr-x 1 fufu fufu    0 Aug  8 08:22 mingw-w64-webview2-loader
drwxr-xr-x 1 fufu fufu    0 Aug  8 08:22 mingw-w64-wezterm
drwxr-xr-x 1 fufu fufu    0 Aug  8 08:22 mingw-w64-wget
drwxr-xr-x 1 fufu fufu    0 Aug  8 08:22 mingw-w64-wget2
drwxr-xr-x 1 fufu fufu    0 Aug  8 08:22 mingw-w64-wgsl-analyzer
drwxr-xr-x 1 fufu fufu    0 Aug  8 08:22 mingw-w64-whisper.cpp
drwxr-xr-x 1 fufu fufu    0 Aug  8 08:22 mingw-w64-widelands
drwxr-xr-x 1 fufu fufu    0 Aug  8 08:22 mingw-w64-wiiuse
drwxr-xr-x 1 fufu fufu    0 Aug  8 08:22 mingw-w64-win7appid
drwxr-xr-x 1 fufu fufu    0 Aug  8 08:22 mingw-w64-windows-default-manifest
drwxr-xr-x 1 fufu fufu    0 Aug  8 08:22 mingw-w64-wined3d
drwxr-xr-x 1 fufu fufu    0 Aug  8 08:22 mingw-w64-wineditline
drwxr-xr-x 1 fufu fufu    0 Aug  8 08:22 mingw-w64-winfile
drwxr-xr-x 1 fufu fufu    0 Aug  8 08:22 mingw-w64-winico
drwxr-xr-x 1 fufu fufu    0 Aug  8 08:22 mingw-w64-winpthreads
drwxr-xr-x 1 fufu fufu    0 Aug  8 08:22 mingw-w64-winpthreads-stub
drwxr-xr-x 1 fufu fufu    0 Aug  8 08:22 mingw-w64-winpty
drwxr-xr-x 1 fufu fufu    0 Aug  8 08:22 mingw-w64-winsparkle
drwxr-xr-x 1 fufu fufu    0 Aug  8 08:22 mingw-w64-winstorecompat
drwxr-xr-x 1 fufu fufu    0 Aug  8 08:22 mingw-w64-wintab-sdk
drwxr-xr-x 1 fufu fufu    0 Aug  8 08:22 mingw-w64-wireshark
drwxr-xr-x 1 fufu fufu    0 Aug  8 08:22 mingw-w64-wit-bindgen
drwxr-xr-x 1 fufu fufu    0 Aug  8 08:22 mingw-w64-wkhtmltopdf
drwxr-xr-x 1 fufu fufu    0 Aug  8 08:22 mingw-w64-woff2
drwxr-xr-x 1 fufu fufu    0 Aug  8 08:22 mingw-w64-wolfssl
drwxr-xr-x 1 fufu fufu    0 Aug  8 08:22 mingw-w64-wslay
drwxr-xr-x 1 fufu fufu    0 Aug  8 08:22 mingw-w64-wt
drwxr-xr-x 1 fufu fufu    0 Aug  8 08:22 mingw-w64-wv
drwxr-xr-x 1 fufu fufu    0 Aug  8 08:22 mingw-w64-wwrando
drwxr-xr-x 1 fufu fufu    0 Aug  8 08:22 mingw-w64-wxPython
drwxr-xr-x 1 fufu fufu    0 Aug  8 08:22 mingw-w64-wxSVG
drwxr-xr-x 1 fufu fufu    0 Aug  8 08:22 mingw-w64-wxmacmolplt
drwxr-xr-x 1 fufu fufu    0 Aug  8 08:22 mingw-w64-wxwidgets3.2
drwxr-xr-x 1 fufu fufu    0 Aug  8 08:22 mingw-w64-wxwidgets3.3
drwxr-xr-x 1 fufu fufu    0 Aug  8 08:22 mingw-w64-x264
drwxr-xr-x 1 fufu fufu    0 Aug  8 08:22 mingw-w64-x265
drwxr-xr-x 1 fufu fufu    0 Aug  8 08:22 mingw-w64-x86-simd-sort
drwxr-xr-x 1 fufu fufu    0 Aug  8 08:22 mingw-w64-xa65
drwxr-xr-x 1 fufu fufu    0 Aug  8 08:22 mingw-w64-xalan-c
drwxr-xr-x 1 fufu fufu    0 Aug  8 08:22 mingw-w64-xapian-core
drwxr-xr-x 1 fufu fufu    0 Aug  8 08:22 mingw-w64-xavs
drwxr-xr-x 1 fufu fufu    0 Aug  8 08:22 mingw-w64-xerces-c
drwxr-xr-x 1 fufu fufu    0 Aug  8 08:22 mingw-w64-xevd
drwxr-xr-x 1 fufu fufu    0 Aug  8 08:22 mingw-w64-xeve
drwxr-xr-x 1 fufu fufu    0 Aug  8 08:22 mingw-w64-xlnt
drwxr-xr-x 1 fufu fufu    0 Aug  8 08:22 mingw-w64-xlsxio
drwxr-xr-x 1 fufu fufu    0 Aug  8 08:22 mingw-w64-xmake
drwxr-xr-x 1 fufu fufu    0 Aug  8 08:22 mingw-w64-xmlada
drwxr-xr-x 1 fufu fufu    0 Aug  8 08:22 mingw-w64-xmlf90
drwxr-xr-x 1 fufu fufu    0 Aug  8 08:22 mingw-w64-xmlsec
drwxr-xr-x 1 fufu fufu    0 Aug  8 08:22 mingw-w64-xmlstarlet
drwxr-xr-x 1 fufu fufu    0 Aug  8 08:22 mingw-w64-xmlto
drwxr-xr-x 1 fufu fufu    0 Aug  8 08:22 mingw-w64-xournalpp
drwxr-xr-x 1 fufu fufu    0 Aug  8 08:22 mingw-w64-xpdf
drwxr-xr-x 1 fufu fufu    0 Aug  8 08:22 mingw-w64-xpm-nox
drwxr-xr-x 1 fufu fufu    0 Aug  8 08:22 mingw-w64-xsimd
drwxr-xr-x 1 fufu fufu    0 Aug  8 08:22 mingw-w64-xvidcore
drwxr-xr-x 1 fufu fufu    0 Aug  8 08:22 mingw-w64-xxhash
drwxr-xr-x 1 fufu fufu    0 Aug  8 08:22 mingw-w64-xz
drwxr-xr-x 1 fufu fufu    0 Aug  8 08:22 mingw-w64-yajl
drwxr-xr-x 1 fufu fufu    0 Aug  8 08:22 mingw-w64-yaml-cpp
drwxr-xr-x 1 fufu fufu    0 Aug  8 08:22 mingw-w64-yarn
drwxr-xr-x 1 fufu fufu    0 Aug  8 08:22 mingw-w64-yasm
drwxr-xr-x 1 fufu fufu    0 Aug  8 08:22 mingw-w64-yazi
drwxr-xr-x 1 fufu fufu    0 Aug  8 08:22 mingw-w64-yelp-tools
drwxr-xr-x 1 fufu fufu    0 Aug  8 08:22 mingw-w64-yelp-xsl
drwxr-xr-x 1 fufu fufu    0 Aug  8 08:22 mingw-w64-yices
drwxr-xr-x 1 fufu fufu    0 Aug  8 08:22 mingw-w64-yosys
drwxr-xr-x 1 fufu fufu    0 Aug  8 08:22 mingw-w64-yq
drwxr-xr-x 1 fufu fufu    0 Aug  8 08:22 mingw-w64-yt-dlp
drwxr-xr-x 1 fufu fufu    0 Aug  8 08:22 mingw-w64-yt-dlp-ejs
drwxr-xr-x 1 fufu fufu    0 Aug  8 08:22 mingw-w64-yubico-c
drwxr-xr-x 1 fufu fufu    0 Aug  8 08:22 mingw-w64-yubikey-personalization
drwxr-xr-x 1 fufu fufu    0 Aug  8 08:22 mingw-w64-yuview
drwxr-xr-x 1 fufu fufu    0 Aug  8 08:22 mingw-w64-z3
drwxr-xr-x 1 fufu fufu    0 Aug  8 08:22 mingw-w64-zbar
drwxr-xr-x 1 fufu fufu    0 Aug  8 08:22 mingw-w64-zeal
drwxr-xr-x 1 fufu fufu    0 Aug  8 08:22 mingw-w64-zed
drwxr-xr-x 1 fufu fufu    0 Aug  8 08:22 mingw-w64-zeromq
drwxr-xr-x 1 fufu fufu    0 Aug  8 08:22 mingw-w64-zig
drwxr-xr-x 1 fufu fufu    0 Aug  8 08:22 mingw-w64-zimg
drwxr-xr-x 1 fufu fufu    0 Aug  8 08:22 mingw-w64-zint
drwxr-xr-x 1 fufu fufu    0 Aug  8 08:22 mingw-w64-zix
drwxr-xr-x 1 fufu fufu    0 Aug  8 08:22 mingw-w64-zizmor
drwxr-xr-x 1 fufu fufu    0 Aug  8 08:22 mingw-w64-zlib
drwxr-xr-x 1 fufu fufu    0 Aug  8 08:22 mingw-w64-zlib-ng
drwxr-xr-x 1 fufu fufu    0 Aug  8 08:22 mingw-w64-zoitechat
drwxr-xr-x 1 fufu fufu    0 Aug  8 08:22 mingw-w64-zola
drwxr-xr-x 1 fufu fufu    0 Aug  8 08:22 mingw-w64-zopfli
drwxr-xr-x 1 fufu fufu    0 Aug  8 08:22 mingw-w64-zoxide
drwxr-xr-x 1 fufu fufu    0 Aug  8 08:22 mingw-w64-zstd
drwxr-xr-x 1 fufu fufu    0 Aug  8 08:22 mingw-w64-zug
drwxr-xr-x 1 fufu fufu    0 Aug  8 08:22 mingw-w64-zvbi
drwxr-xr-x 1 fufu fufu    0 Aug  8 08:22 mingw-w64-zxcvbn-c
drwxr-xr-x 1 fufu fufu    0 Aug  8 08:22 mingw-w64-zxing-cpp
drwxr-xr-x 1 fufu fufu    0 Aug  8 08:22 mingw-w64-zycore-c
drwxr-xr-x 1 fufu fufu    0 Aug  8 08:22 mingw-w64-zydis
drwxr-xr-x 1 fufu fufu    0 Aug  8 08:22 mingw-w64-zziplib
